19 100 101 102 103 104 105 106 
103 104 105 106 5 107 108 109 
101 102 14 110 105 106 111 112 
105 106 111 112 108 109 113 114 
100 82 102 115 104 116 106 117 
104 116 106 117 107 52 109 118 
102 115 110 83 106 117 112 119 
106 117 112 119 109 118 114 53 
82 120 115 121 116 122 117 123 
116 122 117 123 52 124 118 125 
115 121 83 126 117 123 119 127 
117 123 119 127 118 125 53 128 
120 22 121 129 122 130 123 131 
122 130 123 131 124 8 125 132 
121 129 126 17 123 131 127 133 
123 131 127 133 125 132 128 4 
22 134 129 135 130 136 131 137 
130 136 131 137 8 138 132 139 
129 135 17 140 131 137 133 141 
131 137 133 141 132 139 4 142 
134 98 135 143 136 144 137 145 
136 144 137 145 138 58 139 146 
135 143 140 147 137 145 141 148 
137 145 141 148 139 146 142 59 
98 149 143 150 144 151 145 152 
144 151 145 152 58 153 146 154 
143 150 147 155 145 152 148 156 
145 152 148 156 146 154 59 157 
149 95 150 158 151 159 152 160 
151 159 152 160 153 49 154 161 
150 158 155 96 152 160 156 162 
152 160 156 162 154 161 157 50 
95 163 158 164 159 165 160 166 
159 165 160 166 49 167 161 168 
158 164 96 169 160 166 162 170 
160 166 162 170 161 168 50 171 
163 21 164 172 165 173 166 174 
165 173 166 174 167 7 168 175 
164 172 169 16 166 174 170 176 
166 174 170 176 168 175 171 3 
21 177 172 178 173 179 174 180 
173 179 174 180 7 181 175 182 
172 178 16 183 174 180 176 184 
174 180 176 184 175 182 3 185 
177 92 178 186 179 187 180 188 
179 187 180 188 181 46 182 189 
178 186 183 93 180 188 184 190 
180 188 184 190 182 189 185 47 
92 191 186 192 187 193 188 194 
187 193 188 194 46 195 189 196 
186 192 93 197 188 194 190 198 
188 194 190 198 189 196 47 199 
191 89 192 200 193 201 194 202 
193 201 194 202 195 55 196 203 
192 200 197 90 194 202 198 204 
194 202 198 204 196 203 199 56 
89 205 200 206 201 207 202 208 
201 207 202 208 55 209 203 210 
200 206 90 211 202 208 204 212 
202 208 204 212 203 210 56 213 
205 20 206 214 207 215 208 216 
207 215 208 216 209 6 210 217 
206 214 211 15 208 216 212 218 
208 216 212 218 210 217 213 2 
20 219 214 220 215 221 216 222 
215 221 216 222 6 223 217 224 
214 220 15 225 216 222 218 226 
216 222 218 226 217 224 2 227 
219 79 220 228 221 229 222 230 
221 229 222 230 223 43 224 231 
220 228 225 80 222 230 226 232 
222 230 226 232 224 231 227 44 
79 233 228 234 229 235 230 236 
229 235 230 236 43 237 231 238 
228 234 80 239 230 236 232 240 
230 236 232 240 231 238 44 241 
233 19 234 101 235 103 236 105 
235 103 236 105 237 5 238 108 
234 101 239 14 236 105 240 111 
236 105 240 111 238 108 241 113 
24 242 243 244 245 246 247 248 
245 246 247 248 9 249 250 251 
243 244 19 100 247 248 103 104 
247 248 103 104 250 251 5 107 
242 81 244 252 246 253 248 254 
246 253 248 254 249 51 251 255 
244 252 100 82 248 254 104 116 
248 254 104 116 251 255 107 52 
81 256 252 257 253 258 254 259 
253 258 254 259 51 260 255 261 
252 257 82 120 254 259 116 122 
254 259 116 122 255 261 52 124 
256 27 257 262 258 263 259 264 
258 263 259 264 260 12 261 265 
257 262 120 22 259 264 122 130 
259 264 122 130 261 265 124 8 
27 266 262 267 263 268 264 269 
263 268 264 269 12 270 265 271 
262 267 22 134 264 269 130 136 
264 269 130 136 265 271 8 138 
266 97 267 272 268 273 269 274 
268 273 269 274 270 57 271 275 
267 272 134 98 269 274 136 144 
269 274 136 144 271 275 138 58 
97 276 272 277 273 278 274 279 
273 278 274 279 57 280 275 281 
272 277 98 149 274 279 144 151 
274 279 144 151 275 281 58 153 
276 94 277 282 278 283 279 284 
278 283 279 284 280 48 281 285 
277 282 149 95 279 284 151 159 
279 284 151 159 281 285 153 49 
94 286 282 287 283 288 284 289 
283 288 284 289 48 290 285 291 
282 287 95 163 284 289 159 165 
284 289 159 165 285 291 49 167 
286 26 287 292 288 293 289 294 
288 293 289 294 290 11 291 295 
287 292 163 21 289 294 165 173 
289 294 165 173 291 295 167 7 
26 296 292 297 293 298 294 299 
293 298 294 299 11 300 295 301 
292 297 21 177 294 299 173 179 
294 299 173 179 295 301 7 181 
296 91 297 302 298 303 299 304 
298 303 299 304 300 45 301 305 
297 302 177 92 299 304 179 187 
299 304 179 187 301 305 181 46 
91 306 302 307 303 308 304 309 
303 308 304 309 45 310 305 311 
302 307 92 191 304 309 187 193 
304 309 187 193 305 311 46 195 
306 88 307 312 308 313 309 314 
308 313 309 314 310 54 311 315 
307 312 191 89 309 314 193 201 
309 314 193 201 311 315 195 55 
88 316 312 317 313 318 314 319 
313 318 314 319 54 320 315 321 
312 317 89 205 314 319 201 207 
314 319 201 207 315 321 55 209 
316 25 317 322 318 323 319 324 
318 323 319 324 320 10 321 325 
317 322 205 20 319 324 207 215 
319 324 207 215 321 325 209 6 
25 326 322 327 323 328 324 329 
323 328 324 329 10 330 325 331 
322 327 20 219 324 329 215 221 
324 329 215 221 325 331 6 223 
326 78 327 332 328 333 329 334 
328 333 329 334 330 42 331 335 
327 332 219 79 329 334 221 229 
329 334 221 229 331 335 223 43 
78 336 332 337 333 338 334 339 
333 338 334 339 42 340 335 341 
332 337 79 233 334 339 229 235 
334 339 229 235 335 341 43 237 
336 24 337 243 338 245 339 247 
338 245 339 247 340 9 341 250 
337 243 233 19 339 247 235 103 
339 247 235 103 341 250 237 5 
28 342 343 344 345 346 -1 -1 
344 345 346 13 347 348 -1 -1 
342 343 24 242 345 346 245 246 
345 346 245 246 347 348 9 249 
28 343 349 344 346 350 -1 -1 
344 346 350 13 348 351 -1 -1 
343 349 242 81 346 350 246 253 
346 350 246 253 348 351 249 51 
28 349 352 344 350 353 -1 -1 
344 350 353 13 351 354 -1 -1 
349 352 81 256 350 353 253 258 
350 353 253 258 351 354 51 260 
28 352 355 344 353 356 -1 -1 
344 353 356 13 354 357 -1 -1 
352 355 256 27 353 356 258 263 
353 356 258 263 354 357 260 12 
28 355 358 344 356 359 -1 -1 
344 356 359 13 357 360 -1 -1 
355 358 27 266 356 359 263 268 
356 359 263 268 357 360 12 270 
28 358 361 344 359 362 -1 -1 
344 359 362 13 360 363 -1 -1 
358 361 266 97 359 362 268 273 
359 362 268 273 360 363 270 57 
28 361 364 344 362 365 -1 -1 
344 362 365 13 363 366 -1 -1 
361 364 97 276 362 365 273 278 
362 365 273 278 363 366 57 280 
28 364 367 344 365 368 -1 -1 
344 365 368 13 366 369 -1 -1 
364 367 276 94 365 368 278 283 
365 368 278 283 366 369 280 48 
28 367 370 344 368 371 -1 -1 
344 368 371 13 369 372 -1 -1 
367 370 94 286 368 371 283 288 
368 371 283 288 369 372 48 290 
28 370 373 344 371 374 -1 -1 
344 371 374 13 372 375 -1 -1 
370 373 286 26 371 374 288 293 
371 374 288 293 372 375 290 11 
28 373 376 344 374 377 -1 -1 
344 374 377 13 375 378 -1 -1 
373 376 26 296 374 377 293 298 
374 377 293 298 375 378 11 300 
28 376 379 344 377 380 -1 -1 
344 377 380 13 378 381 -1 -1 
376 379 296 91 377 380 298 303 
377 380 298 303 378 381 300 45 
28 379 382 344 380 383 -1 -1 
344 380 383 13 381 384 -1 -1 
379 382 91 306 380 383 303 308 
380 383 303 308 381 384 45 310 
28 382 385 344 383 386 -1 -1 
344 383 386 13 384 387 -1 -1 
382 385 306 88 383 386 308 313 
383 386 308 313 384 387 310 54 
28 385 388 344 386 389 -1 -1 
344 386 389 13 387 390 -1 -1 
385 388 88 316 386 389 313 318 
386 389 313 318 387 390 54 320 
28 388 391 344 389 392 -1 -1 
344 389 392 13 390 393 -1 -1 
388 391 316 25 389 392 318 323 
389 392 318 323 390 393 320 10 
28 391 394 344 392 395 -1 -1 
344 392 395 13 393 396 -1 -1 
391 394 25 326 392 395 323 328 
392 395 323 328 393 396 10 330 
28 394 397 344 395 398 -1 -1 
344 395 398 13 396 399 -1 -1 
394 397 326 78 395 398 328 333 
395 398 328 333 396 399 330 42 
28 397 400 344 398 401 -1 -1 
344 398 401 13 399 402 -1 -1 
397 400 78 336 398 401 333 338 
398 401 333 338 399 402 42 340 
28 400 342 344 401 345 -1 -1 
344 401 345 13 402 347 -1 -1 
400 342 336 24 401 345 338 245 
401 345 338 245 402 347 340 9 
33 403 404 405 406 407 408 409 
406 407 408 409 23 410 411 412 
404 405 29 413 408 409 414 415 
408 409 414 415 411 412 18 416 
403 70 405 417 407 418 409 419 
407 418 409 419 410 86 412 420 
405 417 413 71 409 419 415 421 
409 419 415 421 412 420 416 87 
70 422 417 423 418 424 419 425 
418 424 419 425 86 426 420 427 
417 423 71 428 419 425 421 429 
419 425 421 429 420 427 87 430 
422 36 423 431 424 432 425 433 
424 432 425 433 426 22 427 129 
423 431 428 32 425 433 429 434 
425 433 429 434 427 129 430 17 
36 435 431 436 432 437 433 438 
432 437 433 438 22 134 129 135 
431 436 32 439 433 438 434 440 
433 438 434 440 129 135 17 140 
435 76 436 441 437 442 438 443 
437 442 438 443 134 98 135 143 
436 441 439 77 438 443 440 444 
438 443 440 444 135 143 140 147 
76 445 441 446 442 447 443 448 
442 447 443 448 98 149 143 150 
441 446 77 449 443 448 444 450 
443 448 444 450 143 150 147 155 
445 67 446 451 447 452 448 453 
447 452 448 453 149 95 150 158 
446 451 449 68 448 453 450 454 
448 453 450 454 150 158 155 96 
67 455 451 456 452 457 453 458 
452 457 453 458 95 163 158 164 
451 456 68 459 453 458 454 460 
453 458 454 460 158 164 96 169 
455 35 456 461 457 462 458 463 
457 462 458 463 163 21 164 172 
456 461 459 31 458 463 460 464 
458 463 460 464 164 172 169 16 
35 465 461 466 462 467 463 468 
462 467 463 468 21 177 172 178 
461 466 31 469 463 468 464 470 
463 468 464 470 172 178 16 183 
465 64 466 471 467 472 468 473 
467 472 468 473 177 92 178 186 
466 471 469 65 468 473 470 474 
468 473 470 474 178 186 183 93 
64 475 471 476 472 477 473 478 
472 477 473 478 92 191 186 192 
471 476 65 479 473 478 474 480 
473 478 474 480 186 192 93 197 
475 73 476 481 477 482 478 483 
477 482 478 483 191 89 192 200 
476 481 479 74 478 483 480 484 
478 483 480 484 192 200 197 90 
73 485 481 486 482 487 483 488 
482 487 483 488 89 205 200 206 
481 486 74 489 483 488 484 490 
483 488 484 490 200 206 90 211 
485 34 486 491 487 492 488 493 
487 492 488 493 205 20 206 214 
486 491 489 30 488 493 490 494 
488 493 490 494 206 214 211 15 
34 495 491 496 492 497 493 498 
492 497 493 498 20 499 214 500 
491 496 30 501 493 498 494 502 
493 498 494 502 214 500 15 503 
495 61 496 504 497 505 498 506 
497 505 498 506 499 84 500 507 
496 504 501 62 498 506 502 508 
498 506 502 508 500 507 503 85 
61 509 504 510 505 511 506 512 
505 511 506 512 84 513 507 514 
504 510 62 515 506 512 508 516 
506 512 508 516 507 514 85 517 
509 33 510 404 511 406 512 408 
511 406 512 408 513 23 514 411 
510 404 515 29 512 408 516 414 
512 408 516 414 514 411 517 18 
37 518 519 520 521 522 523 524 
521 522 523 524 24 242 525 526 
519 520 33 403 523 524 406 407 
523 524 406 407 525 526 23 410 
518 69 520 527 522 528 524 529 
522 528 524 529 242 81 526 530 
520 527 403 70 524 529 407 418 
524 529 407 418 526 530 410 86 
69 531 527 532 528 533 529 534 
528 533 529 534 81 256 530 535 
527 532 70 422 529 534 418 424 
529 534 418 424 530 535 86 426 
531 40 532 536 533 537 534 538 
533 537 534 538 256 27 535 262 
532 536 422 36 534 538 424 432 
534 538 424 432 535 262 426 22 
40 539 536 540 537 541 538 542 
537 541 538 542 27 266 262 267 
536 540 36 435 538 542 432 437 
538 542 432 437 262 267 22 134 
539 75 540 543 541 544 542 545 
541 544 542 545 266 97 267 272 
540 543 435 76 542 545 437 442 
542 545 437 442 267 272 134 98 
75 546 543 547 544 548 545 549 
544 548 545 549 97 276 272 277 
543 547 76 445 545 549 442 447 
545 549 442 447 272 277 98 149 
546 66 547 550 548 551 549 552 
548 551 549 552 276 94 277 282 
547 550 445 67 549 552 447 452 
549 552 447 452 277 282 149 95 
66 553 550 554 551 555 552 556 
551 555 552 556 94 286 282 287 
550 554 67 455 552 556 452 457 
552 556 452 457 282 287 95 163 
553 39 554 557 555 558 556 559 
555 558 556 559 286 26 287 292 
554 557 455 35 556 559 457 462 
556 559 457 462 287 292 163 21 
39 560 557 561 558 562 559 563 
558 562 559 563 26 296 292 297 
557 561 35 465 559 563 462 467 
559 563 462 467 292 297 21 177 
560 63 561 564 562 565 563 566 
562 565 563 566 296 91 297 302 
561 564 465 64 563 566 467 472 
563 566 467 472 297 302 177 92 
63 567 564 568 565 569 566 570 
565 569 566 570 91 306 302 307 
564 568 64 475 566 570 472 477 
566 570 472 477 302 307 92 191 
567 72 568 571 569 572 570 573 
569 572 570 573 306 88 307 312 
568 571 475 73 570 573 477 482 
570 573 477 482 307 312 191 89 
72 574 571 575 572 576 573 577 
572 576 573 577 88 316 312 317 
571 575 73 485 573 577 482 487 
573 577 482 487 312 317 89 205 
574 38 575 578 576 579 577 580 
576 579 577 580 316 25 317 322 
575 578 485 34 577 580 487 492 
577 580 487 492 317 322 205 20 
38 581 578 582 579 583 580 584 
579 583 580 584 25 326 322 585 
578 582 34 495 580 584 492 497 
580 584 492 497 322 585 20 499 
581 60 582 586 583 587 584 588 
583 587 584 588 326 78 585 589 
582 586 495 61 584 588 497 505 
584 588 497 505 585 589 499 84 
60 590 586 591 587 592 588 593 
587 592 588 593 78 336 589 594 
586 591 61 509 588 593 505 511 
588 593 505 511 589 594 84 513 
590 37 591 519 592 521 593 523 
592 521 593 523 336 24 594 525 
591 519 509 33 593 523 511 406 
593 523 511 406 594 525 513 23 
41 595 596 597 598 599 -1 -1 
597 598 599 28 342 343 -1 -1 
595 596 37 518 598 599 521 522 
598 599 521 522 342 343 24 242 
41 596 600 597 599 601 -1 -1 
597 599 601 28 343 349 -1 -1 
596 600 518 69 599 601 522 528 
599 601 522 528 343 349 242 81 
41 600 602 597 601 603 -1 -1 
597 601 603 28 349 352 -1 -1 
600 602 69 531 601 603 528 533 
601 603 528 533 349 352 81 256 
41 602 604 597 603 605 -1 -1 
597 603 605 28 352 355 -1 -1 
602 604 531 40 603 605 533 537 
603 605 533 537 352 355 256 27 
41 604 606 597 605 607 -1 -1 
597 605 607 28 355 358 -1 -1 
604 606 40 539 605 607 537 541 
605 607 537 541 355 358 27 266 
41 606 608 597 607 609 -1 -1 
597 607 609 28 358 361 -1 -1 
606 608 539 75 607 609 541 544 
607 609 541 544 358 361 266 97 
41 608 610 597 609 611 -1 -1 
597 609 611 28 361 364 -1 -1 
608 610 75 546 609 611 544 548 
609 611 544 548 361 364 97 276 
41 610 612 597 611 613 -1 -1 
597 611 613 28 364 367 -1 -1 
610 612 546 66 611 613 548 551 
611 613 548 551 364 367 276 94 
41 612 614 597 613 615 -1 -1 
597 613 615 28 367 370 -1 -1 
612 614 66 553 613 615 551 555 
613 615 551 555 367 370 94 286 
41 614 616 597 615 617 -1 -1 
597 615 617 28 370 373 -1 -1 
614 616 553 39 615 617 555 558 
615 617 555 558 370 373 286 26 
41 616 618 597 617 619 -1 -1 
597 617 619 28 373 376 -1 -1 
616 618 39 560 617 619 558 562 
617 619 558 562 373 376 26 296 
41 618 620 597 619 621 -1 -1 
597 619 621 28 376 379 -1 -1 
618 620 560 63 619 621 562 565 
619 621 562 565 376 379 296 91 
41 620 622 597 621 623 -1 -1 
597 621 623 28 379 382 -1 -1 
620 622 63 567 621 623 565 569 
621 623 565 569 379 382 91 306 
41 622 624 597 623 625 -1 -1 
597 623 625 28 382 385 -1 -1 
622 624 567 72 623 625 569 572 
623 625 569 572 382 385 306 88 
41 624 626 597 625 627 -1 -1 
597 625 627 28 385 388 -1 -1 
624 626 72 574 625 627 572 576 
625 627 572 576 385 388 88 316 
41 626 628 597 627 629 -1 -1 
597 627 629 28 388 391 -1 -1 
626 628 574 38 627 629 576 579 
627 629 576 579 388 391 316 25 
41 628 630 597 629 631 -1 -1 
597 629 631 28 391 394 -1 -1 
628 630 38 581 629 631 579 583 
629 631 579 583 391 394 25 326 
41 630 632 597 631 633 -1 -1 
597 631 633 28 394 397 -1 -1 
630 632 581 60 631 633 583 587 
631 633 583 587 394 397 326 78 
41 632 634 597 633 635 -1 -1 
597 633 635 28 397 400 -1 -1 
632 634 60 590 633 635 587 592 
633 635 587 592 397 400 78 336 
41 634 595 597 635 598 -1 -1 
597 635 598 28 400 342 -1 -1 
634 595 590 37 635 598 592 521 
635 598 592 521 400 342 336 24 
