1.1597 2.04203522483 6.02138591938
0.85617 2.02458193231 1.308996939
0.73608 1.93731546971 2.87979326579
0.98535 2.02458193231 4.45058959259
1.1136 1.57079632679 0.10471975512
0.86473 1.57079632679 1.39629830818
0.89999 1.57079632679 3.24631240871
1.0275 1.57079632679 5.09636141582
0.95917 0.959931088597 0.593411945678
0.87757 0.959931088597 1.27410780725
0.88482 0.959931088597 3.73500459927
0.89348 0.959931088597 6.19591884458
0.98448 0.0 0.253072741539
0.90533 2.02458193231 6.02138591938
0.46206 2.19911485751 1.308996939
0.68863 1.92858882345 2.87979326579
0.92868 2.26892802759 4.45058959259
0.48325 2.23402144255 6.02138591938
0.95621 1.57079632679 0.10471975512
0.70327 1.57079632679 1.39629830818
0.70571 1.57079632679 3.24631240871
0.89755 1.57079632679 5.09636141582
0.58454 1.57079632679 0.10471975512
0.7959 0.959931088597 0.593411945678
0.741 0.959931088597 1.27410780725
0.65237 0.959931088597 3.73500459927
0.75691 0.959931088597 6.19591884458
0.80236 0.0 0.253072741539
0.3349 2.21656815003 6.02138591938
0.36869 2.09439510239 1.308996939
0.59824 1.91986217719 2.87979326579
0.37207 2.09439510239 4.45058959259
0.14715 1.57079632679 0.10471975512
0.31409 1.57079632679 1.39629830818
0.52654 1.57079632679 3.24631240871
0.44481 1.57079632679 5.09636141582
0.39028 0.959931088597 0.593411945678
0.46492 0.959931088597 1.27410780725
0.46834 0.959931088597 3.73500459927
0.47574 0.959931088597 6.19591884458
0.63405 0.0 0.253072741539
0.93251 0.959931088597 0.933751149817
1.0118 1.57079632679 0.75050903165
0.98962 2.03330857857 0.523598775598
0.79584 0.959931088597 2.50454747661
0.81151 1.57079632679 2.32128790515
0.68417 1.98094870101 2.09439510239
0.90406 0.959931088597 4.96546172192
0.95168 1.57079632679 4.17133691227
0.87607 1.98094870101 3.66519142919
0.93167 0.959931088597 0.253055288247
1.1058 1.57079632679 5.74213323906
1.1849 2.03330857857 5.23598775598
0.78847 0.959931088597 1.88931891528
0.79144 1.57079632679 1.85877565337
0.82176 2.00276531666 1.70169602069
0.89443 0.959931088597 5.58069028325
0.99137 1.57079632679 4.63384916404
0.87592 2.00276531666 4.05789051089
0.44516 0.959931088597 0.933751149817
0.13978 1.57079632679 0.750491578358
0.23843 2.15548162621 0.523598775598
0.13431 0.959931088597 2.50454747661
0.43375 1.57079632679 2.32128790515
0.55556 2.00712863979 2.09439510239
0.54807 0.959931088597 4.96546172192
0.53259 1.57079632679 4.17133691227
0.60841 2.00712863979 3.66519142919
0.35066 0.959931088597 0.253072741539
0.191 1.57079632679 5.74213323906
0.33948 2.15548162621 5.23598775598
0.19426 0.959931088597 1.88931891528
0.44669 1.57079632679 1.85877565337
0.46168 2.05076187109 1.70169602069
0.40691 0.959931088597 5.58069028325
0.54499 1.57079632679 4.63384916404
0.51871 2.05076187109 4.05789051089
0.76536 0.959931088597 0.933751149817
0.84567 1.57079632679 0.75050903165
0.68391 2.11184839491 0.523598775598
0.76452 0.959931088597 0.253055288247
0.96883 1.57079632679 5.74213323906
1.007 2.14675497995 5.23598775598
0.62835 1.57079632679 0.75050903165
0.4924 2.21656815003 0.523598775598
0.81449 1.57079632679 5.74213323906
0.76845 2.25147473507 5.23598775598
0.52868 0.959931088597 1.88931891528
0.60551 1.57079632679 1.85877565337
0.63624 2.02685086034 1.70169602069
0.5157 0.959931088597 2.50454747661
0.63773 1.57079632679 2.32128790515
0.61471 1.9940386704 2.09439510239
0.70063 0.959931088597 4.96546172192
0.76461 1.57079632679 4.17133691227
0.72573 1.9940386704 3.66519142919
0.722 0.959931088597 5.58069028325
0.80932 1.57079632679 4.63384916404
0.67436 2.02685086034 4.05789051089
0.986135778391 1.57079632679 -0.218166156499
0.993772387284 1.79768912955 -0.0785398163397
1.02018656462 1.82823239146 -0.436332312999
1.034905 1.57079632679 0.10471975512
1.0622833764 1.57079632679 -0.218166156499
1.06771976959 1.80205245268 -0.0785398163397
1.09134293233 1.81623325286 -0.436332312999
1.13843097442 1.57079632679 -0.218166156499
1.14166715189 1.80641577581 -0.0785398163397
1.16249930003 1.80423411425 -0.436332312999
0.928044383079 2.08566845613 -0.654498469498
1.032515 2.03330857857 -0.261799387799
1.06374876133 2.06167017892 -0.654498469498
1.1597 2.04203522483 -0.261799387799
1.19945313959 2.0376719017 -0.654498469498
1.00923334961 1.85877565337 -0.794124809657
1.037315 1.57079632679 -0.541052068118
1.08995394267 1.83041405303 -0.794124809657
1.17067453573 1.80205245268 -0.794124809657
1.09595 2.09003177926 -1.0471975512
0.927820729514 1.57079632679 5.41924732744
0.955325789477 1.88931891528 5.13126800086
0.99200578519 1.57079632679 5.41924732744
1.04556885933 1.8445948532 5.13126800086
1.05619084087 1.57079632679 5.41924732744
1.13581192918 1.79987079112 5.13126800086
1.0336991213 2.20784150377 4.84328867428
1.07152131271 2.11839337961 4.84328867428
1.10934350412 2.02894525544 4.84328867428
0.871809784587 1.91986217719 4.7734755042
0.962525 1.57079632679 5.09636141582
0.959891918697 1.85877565337 4.7734755042
1.04797405281 1.79768912955 4.7734755042
0.957015 2.14675497995 4.45058959259
0.844455703064 1.57079632679 4.86510528993
0.801453979498 1.85934288538 4.55967267084
0.926668491687 1.57079632679 4.86510528993
0.893478270354 1.82578893051 4.55967267084
1.00888128031 1.57079632679 4.86510528993
0.985502561209 1.79223497564 4.55967267084
0.759963552127 2.14788944397 4.25424005174
0.829384360386 2.08078153423 4.25424005174
0.898805168646 2.01367362449 4.25424005174
0.787411156825 1.79882359357 4.34586983747
0.900345 1.57079632679 4.63384916404
0.870743688882 1.79280220765 4.34586983747
0.954076220938 1.78678082173 4.34586983747
0.67436 2.02685086034 4.05789051089
0.77514 2.0148080885 4.05789051089
0.79206459796 1.57079632679 4.40259303816
0.776090148414 1.79062054608 4.1320670041
0.883061331798 1.57079632679 4.40259303816
0.852629940345 1.78597360695 4.1320670041
0.974058065635 1.57079632679 4.40259303816
0.929169732276 1.78132666782 4.1320670041
0.691927079471 2.01044476537 3.86154097004
0.777690324104 2.00115088711 3.86154097004
0.863453568737 1.99185700884 3.86154097004
0.761681507108 1.7824174986 3.91826417073
0.858145 1.57079632679 4.17133691227
0.84070533759 1.77914500625 3.91826417073
0.919729168073 1.7758725139 3.91826417073
0.8009 1.98749368571 3.66519142919
0.739247177489 1.57079632679 3.70882466049
0.748014822187 1.76605503686 3.49065850399
0.830389289714 1.57079632679 3.70882466049
0.823688724885 1.76550962147 3.49065850399
0.92153140194 1.57079632679 3.70882466049
0.899362627582 1.76496420608 3.49065850399
0.73935334521 1.96131374693 3.27249234749
0.786450166254 1.96022291615 3.27249234749
0.833546987297 1.95913208536 3.27249234749
0.716892311607 1.74969257512 3.06305283725
0.80285 1.57079632679 3.24631240871
0.803561215743 1.75187423669 3.06305283725
0.890230119879 1.75405589825 3.06305283725
0.712355 1.93295214658 2.87979326579
0.671002750773 1.57079632679 2.78380015693
0.681886118604 1.76605503686 2.63544717051
0.765912578348 1.57079632679 2.78380015693
0.772106308448 1.76550962147 2.63544717051
0.860822405924 1.57079632679 2.78380015693
0.862326498292 1.76496420608 2.63544717051
0.626989610394 1.96131374693 2.48709418409
0.654375456423 1.96022291615 2.48709418409
0.681761302452 1.95913208536 2.48709418409
0.6539910637 1.7824174986 2.20784150377
0.72462 1.57079632679 2.32128790515
0.728092766584 1.77914500625 2.20784150377
0.802194469467 1.7758725139 2.20784150377
0.64944 1.98749368571 2.09439510239
0.617954133039 1.57079632679 2.09003177926
0.638912528152 1.79062054608 1.9940386704
0.701537353022 1.57079632679 2.09003177926
0.710774475872 1.78597360695 1.9940386704
0.785120573005 1.57079632679 2.09003177926
0.782636423592 1.78132666782 1.9940386704
0.628824096325 2.01044476537 1.89804556154
0.685233254317 2.00115088711 1.89804556154
0.741642412309 1.99185700884 1.89804556154
0.627665974576 1.79882359357 1.78023583703
0.698475 1.57079632679 1.85877565337
0.719296376878 1.79280220765 1.78023583703
0.81092677918 1.78678082173 1.78023583703
0.729 2.0148080885 1.70169602069
0.639628170871 1.57079632679 1.62753698078
0.62984239629 1.84188959286 1.56644173031
0.728947949074 1.57079632679 1.62753698078
0.736088490855 1.81706228425 1.56644173031
0.818267727278 1.57079632679 1.62753698078
0.842334585419 1.79223497564 1.56644173031
0.549909162695 2.11298285893 1.50534647985
0.702572316653 2.06332824171 1.50534647985
0.855235470611 2.01367362449 1.50534647985
0.64993346859 1.88495559215 1.35264762359
0.784 1.57079632679 1.39629830818
0.7704687456 1.84132236085 1.35264762359
0.891004022609 1.79768912955 1.35264762359
0.659115 2.11184839491 1.308996939
0.760553736743 1.57079632679 1.07340366992
0.70831040078 1.8631389765 0.994850763606
0.840323875722 1.57079632679 1.07340366992
0.835348567106 1.83150488381 0.994850763606
0.920094014701 1.57079632679 1.07340366992
0.962386733432 1.79987079112 0.994850763606
0.510435590192 2.15548162621 0.916297857297
0.688522620141 2.09221344083 0.916297857297
0.86660965009 2.02894525544 0.916297857297
0.834388386878 1.84132236085 0.637053903624
0.928735 1.57079632679 0.75050903165
0.948584081957 1.82168740677 0.637053903624
1.06277977704 1.80205245268 0.637053903624
0.836765 2.07257848674 0.523598775598
0.915547222157 1.57079632679 0.427614393385
0.946756642733 1.8195057452 0.279257043642
1.00078496904 1.57079632679 0.427614393385
1.03799127466 1.81186992973 0.279257043642
1.08602271592 1.57079632679 0.427614393385
1.1292259066 1.80423411425 0.279257043642
0.857504059209 2.06821516361 0.1308996939
0.98869642768 2.05294353266 0.1308996939
1.11988879615 2.0376719017 0.1308996939
0.781790763186 0.959931088597 0.423233616962
0.892225233006 1.2653637077 0.349065850399
0.890126726026 1.2653637077 0.102533730232
0.877535 0.959931088597 0.593411945678
0.870933912267 0.959931088597 0.423233616962
0.965671857117 1.2653637077 0.349065850399
0.967404959453 1.2653637077 0.102533730232
0.960077061347 0.959931088597 0.423233616962
1.03911848123 1.2653637077 0.349065850399
1.04468319288 1.2653637077 0.102533730232
0.854968243277 1.2653637077 -0.143998389936
0.848095 0.959931088597 0.253055288247
0.928754567691 1.2653637077 -0.143998389936
1.0025408921 1.2653637077 -0.143998389936
0.767657802466 0.959931088597 0.0828944128235
0.825311954076 1.2653637077 -0.390521783457
0.834104337903 0.959931088597 0.0828944128235
0.889233294023 1.2653637077 -0.390521783457
0.900550873341 0.959931088597 0.0828944128235
0.953154633971 1.2653637077 -0.390521783457
0.809746961719 1.2653637077 -0.637045176978
0.825195 0.959931088597 -0.0872664625997
0.875919755987 1.2653637077 -0.637045176978
0.942092550254 1.2653637077 -0.637045176978
0.737279668105 0.959931088597 5.88830456392
0.7755898505 1.2653637077 5.37670492693
0.814793831359 0.959931088597 5.88830456392
0.859744136428 1.2653637077 5.37670492693
0.892307994614 0.959931088597 5.88830456392
0.943898422355 1.2653637077 5.37670492693
0.748100309603 1.2653637077 5.10726972365
0.808215 0.959931088597 5.58069028325
0.847948339616 1.2653637077 5.10726972365
0.947796369629 1.2653637077 5.10726972365
0.7096476439 0.959931088597 5.27307600259
0.745361484156 1.2653637077 4.83783452037
0.804023122153 0.959931088597 5.27307600259
0.846159862643 1.2653637077 4.83783452037
0.898398600407 0.959931088597 5.27307600259
0.94695824113 1.2653637077 4.83783452037
0.733724185743 1.2653637077 4.5683993171
0.802345 0.959931088597 4.96546172192
0.837069852716 1.2653637077 4.5683993171
0.940415519689 1.2653637077 4.5683993171
0.6923634372 0.959931088597 4.3502331606
0.711511191101 1.2653637077 4.02952891054
0.798066585921 0.959931088597 4.3502331606
0.81899020774 1.2653637077 4.02952891054
0.903769734643 0.959931088597 4.3502331606
0.92646922438 1.2653637077 4.02952891054
0.682391856384 1.2653637077 3.49065850399
0.768595 0.959931088597 3.73500459927
0.794494427915 1.2653637077 3.49065850399
0.906596999446 1.2653637077 3.49065850399
0.576331985379 0.959931088597 3.11977603794
0.633143911017 1.2653637077 2.95178809744
0.7088833823 0.959931088597 3.11977603794
0.747245748481 1.2653637077 2.95178809744
0.841434779222 0.959931088597 3.11977603794
0.861347585945 1.2653637077 2.95178809744
0.580017504657 1.2653637077 2.41291769088
0.65577 0.959931088597 2.50454747661
0.690896641276 1.2653637077 2.41291769088
0.801775777895 1.2653637077 2.41291769088
0.506643234251 0.959931088597 2.19693319595
0.555846251088 1.2653637077 2.14348248761
0.641229961349 0.959931088597 2.19693319595
0.662715896195 1.2653637077 2.14348248761
0.775816688447 0.959931088597 2.19693319595
0.769585541302 1.2653637077 2.14348248761
0.553616628597 1.2653637077 1.87404728433
0.658575 0.959931088597 1.88931891528
0.664880371848 1.2653637077 1.87404728433
0.776144115098 1.2653637077 1.87404728433
0.636394708696 0.959931088597 1.58171336127
0.603381386444 1.2653637077 1.60462517102
0.733100299355 0.959931088597 1.58171336127
0.707393869773 1.2653637077 1.60462517102
0.829805890015 0.959931088597 1.58171336127
0.811406353102 1.2653637077 1.60462517102
0.686533115366 1.2653637077 1.33520305771
0.809285 0.959931088597 1.27410780725
0.774348941576 1.2653637077 1.33520305771
0.862164767787 1.2653637077 1.33520305771
0.762486351237 0.959931088597 1.10392947853
0.762134426211 1.2653637077 1.08866657422
0.835017425028 0.959931088597 1.10392947853
0.835206594488 1.2653637077 1.08866657422
0.907548498819 0.959931088597 1.10392947853
0.908278762764 1.2653637077 1.08866657422
0.829327779863 1.2653637077 0.842130090734
0.848935 0.959931088597 0.933751149817
0.901368740519 1.2653637077 0.842130090734
0.973409701174 1.2653637077 0.842130090734
0.772474405581 0.959931088597 0.763581547748
0.868244637597 1.2653637077 0.595597970566
0.862392142363 0.959931088597 0.763581547748
0.947258927036 1.2653637077 0.595597970566
0.952309879144 0.959931088597 0.763581547748
1.02627321648 1.2653637077 0.595597970566
0.783956522511 0.479965544298 0.593411945678
0.788933783211 0.479965544298 0.423237980285
0.89342 0.0 0.593411945678
0.868938521606 0.479965544298 0.593411945678
0.870551747746 0.479965544298 0.423237980285
0.953920520702 0.479965544298 0.593411945678
0.952169712281 0.479965544298 0.423237980285
0.788905012708 0.479965544298 0.253064014893
0.869273344191 0.479965544298 0.253064014893
0.949641675674 0.479965544298 0.253064014893
0.791391767405 0.479965544298 0.0828987761466
0.869129855199 0.479965544298 0.0828987761466
0.946867942993 0.479965544298 0.0828987761466
0.780170312178 0.479965544298 -0.0872664625997
0.859891355172 0.479965544298 -0.0872664625997
0.939612398167 0.479965544298 -0.0872664625997
0.763820498668 0.479965544298 5.88830456392
0.845937508426 0.479965544298 5.88830456392
0.928054518185 0.479965544298 5.88830456392
0.751476287198 0.479965544298 5.58069028325
0.836388463301 0.479965544298 5.58069028325
0.921300639404 0.479965544298 5.58069028325
0.737037803667 0.479965544298 5.27307600259
0.829693629563 0.479965544298 5.27307600259
0.922349455458 0.479965544298 5.27307600259
0.732146934953 0.479965544298 4.96546172192
0.831781833009 0.479965544298 4.96546172192
0.931416731065 0.479965544298 4.96546172192
0.735392588993 0.479965544298 4.3502331606
0.836327641495 0.479965544298 4.3502331606
0.937262693996 0.479965544298 4.3502331606
0.709661268886 0.479965544298 3.73500459927
0.816063298492 0.479965544298 3.73500459927
0.922465328097 0.479965544298 3.73500459927
0.666238362794 0.479965544298 3.11977603794
0.782254654826 0.479965544298 3.11977603794
0.898270946858 0.479965544298 3.11977603794
0.64417281209 0.479965544298 2.50454747661
0.766240454487 0.479965544298 2.50454747661
0.888308096885 0.479965544298 2.50454747661
0.65194922239 0.479965544298 2.19693319595
0.770809631038 0.479965544298 2.19693319595
0.889670039686 0.479965544298 2.19693319595
0.672873562061 0.479965544298 1.88931891528
0.786679559572 0.479965544298 1.88931891528
0.900485557083 0.479965544298 1.88931891528
0.729894767053 0.479965544298 1.58170899794
0.825370476251 0.479965544298 1.58170899794
0.920846185449 0.479965544298 1.58170899794
0.779889283721 0.479965544298 1.2740990806
0.860241239818 0.479965544298 1.2740990806
0.940593195914 0.479965544298 1.2740990806
0.783536302545 0.479965544298 1.10392511521
0.867843458588 0.479965544298 1.10392511521
0.952150614631 0.479965544298 1.10392511521
0.770819672669 0.479965544298 0.933751149817
0.863666539279 0.479965544298 0.933751149817
0.956513405889 0.479965544298 0.933751149817
0.76587657225 0.479965544298 0.763581547748
0.861246005797 0.479965544298 0.763581547748
0.956615439343 0.479965544298 0.763581547748
0.169604107574 1.57079632679 -0.218166156499
0.187266750633 1.89368223841 -0.0785398163397
0.210113917573 1.87841060746 -0.436332312999
0.365845 1.57079632679 0.10471975512
0.42348276357 1.57079632679 -0.218166156499
0.327231496565 1.89804556154 -0.0785398163397
0.3797540481 1.89259140763 -0.436332312999
0.677361419566 1.57079632679 -0.218166156499
0.467196242498 1.90240888467 -0.0785398163397
0.549394178626 1.9067722078 -0.436332312999
0.338343239538 2.18602488812 -0.654498469498
0.409075 2.22529479629 -0.261799387799
0.430278329566 2.21438648847 -0.654498469498
0.522213419593 2.24274808881 -0.654498469498
0.238670797059 1.8631389765 -0.794124809657
0.502745 1.57079632679 -0.541052068118
0.498335922337 1.88713725372 -0.794124809657
0.758001047615 1.91113553093 -0.794124809657
0.553965 2.20347818064 -1.0471975512
0.314601063959 1.57079632679 5.41924732744
0.322912301226 1.84786734555 5.13126800086
0.608712675449 1.57079632679 5.41924732744
0.618384440591 1.88168309981 5.13126800086
0.90282428694 1.57079632679 5.41924732744
0.913856579955 1.91549885406 5.13126800086
0.368121580641 2.1249383643 4.84328867428
0.67645231917 2.19256987282 4.84328867428
0.9847830577 2.26020138133 4.84328867428
0.410727812176 1.83259571459 4.7734755042
0.67118 1.57079632679 5.09636141582
0.641268798381 1.87622894589 4.7734755042
0.650375 2.18166156499 4.45058959259
0.460152488451 1.57079632679 4.86510528993
0.450524499735 1.82168740677 4.55967267084
0.652304095757 1.57079632679 4.86510528993
0.625989239617 1.84051514607 4.55967267084
0.420844899978 2.07257848674 4.25424005174
0.590404226053 2.11023396536 4.25424005174
0.538644152297 1.81077909894 4.34586983747
0.677155 1.57079632679 4.63384916404
0.663027654561 1.80480134626 4.34586983747
0.596535 2.03880636572 4.05789051089
0.573187343633 1.57079632679 4.40259303816
0.610657521246 1.79987079112 4.1320670041
0.682625970797 1.57079632679 4.40259303816
0.69337383483 1.7952456686 4.1320670041
0.569936121142 2.02894525544 3.86154097004
0.630931600306 2.01969501041 3.86154097004
0.619114356749 1.78896248329 3.91826417073
0.6486 1.57079632679 4.17133691227
0.690397931928 1.78568999095 3.91826417073
0.66707 2.0005836551 3.66519142919
0.542132347993 1.57079632679 3.70882466049
0.577521549977 1.76714586764 3.49065850399
0.640689762741 1.57079632679 3.70882466049
0.662768186082 1.76660045225 3.49065850399
0.609502879791 1.96349540849 3.27249234749
0.6744281125 1.96240457771 3.27249234749
0.544514464823 1.74532925199 3.06305283725
0.616125 1.57079632679 3.24631240871
0.630703388215 1.74751091356 3.06305283725
0.643435 1.92422550032 2.87979326579
0.477549477818 1.57079632679 2.78380015693
0.526359069729 1.76714586764 2.63544717051
0.574276114295 1.57079632679 2.78380015693
0.604122594167 1.76660045225 2.63544717051
0.575499174417 1.96349540849 2.48709418409
0.601244392406 1.96240457771 2.48709418409
0.518407311851 1.78896248329 2.20784150377
0.53574 1.57079632679 2.32128790515
0.586199187776 1.78568999095 2.20784150377
0.585135 2.0005836551 2.09439510239
0.432163188632 1.57079632679 2.09003177926
0.505158147301 1.79987079112 1.9940386704
0.525058660835 1.57079632679 2.09003177926
0.572035337726 1.7952456686 1.9940386704
0.513900992469 2.02894525544 1.89804556154
0.571362544397 2.01969501041 1.89804556154
0.459689564292 1.81077909894 1.78023583703
0.5261 1.57079632679 1.85877565337
0.543677769434 1.80480134626 1.78023583703
0.54896 2.03880636572 1.70169602069
0.397956270938 1.57079632679 1.62753698078
0.385405597003 1.82168740677 1.56644173031
0.518792220904 1.57079632679 1.62753698078
0.507623996647 1.83178849981 1.56644173031
0.414410113357 2.07257848674 1.50534647985
0.482159638026 2.09278067284 1.50534647985
0.313290043409 1.83259571459 1.35264762359
0.50868 1.57079632679 1.39629830818
0.481611756 1.85877565337 1.35264762359
0.415375 2.14675497995 1.308996939
0.212046785466 1.57079632679 1.07339494327
0.238464640602 1.84786734555 0.994846400283
0.459097334654 1.57079632679 1.07339930659
0.432801274077 1.86859313042 0.994848581945
0.706147883842 1.57079632679 1.07340366992
0.627137907551 1.88931891528 0.994850763606
0.29923510237 2.1249383643 0.916297857297
0.386088526517 2.16638993404 0.916297857297
0.472941950664 2.20784150377 0.916297857297
0.179303296229 1.8631389765 0.637045176978
0.384065 1.57079632679 0.750500305004
0.361428302375 1.87841060746 0.637049540301
0.543553308521 1.89368223841 0.637053903624
0.365415 2.18602488812 0.523598775598
0.141996925536 1.57079632679 0.427605666739
0.182511305127 1.87841060746 0.279252680319
0.351195400996 1.57079632679 0.427610030062
0.327029255738 1.8882280845 0.279254861981
0.560393876457 1.57079632679 0.427614393385
0.471547206349 1.89804556154 0.279257043642
0.286375896297 2.18602488812 0.1308996939
0.391990311059 2.20565984221 0.1308996939
0.497604725822 2.22529479629 0.1308996939
0.374555307608 0.959931088597 0.423242343609
0.271208417267 1.2653637077 0.349065850399
0.266744482546 1.2653637077 0.102538093555
0.59309 0.959931088597 0.593411945678
0.578173035397 0.959931088597 0.423237980285
0.500573717411 1.2653637077 0.349065850399
0.516380453014 1.2653637077 0.102535911893
0.729939017556 1.2653637077 0.349065850399
0.766016423482 1.2653637077 0.102533730232
0.252450994029 1.2653637077 -0.14398966329
0.55759 0.959931088597 0.253064014893
0.526913750545 1.2653637077 -0.143994026613
0.801376507061 1.2653637077 -0.143998389936
0.394525681963 0.959931088597 0.0829031394697
0.361240911933 1.2653637077 -0.390517420134
0.581091742214 0.959931088597 0.0828987761466
0.590544746864 1.2653637077 -0.390519601795
0.819848581795 1.2653637077 -0.390521783457
0.507548242695 1.2653637077 -0.637045176978
0.616325 0.959931088597 -0.0872664625997
0.658647602207 1.2653637077 -0.637045176978
0.477568260521 0.959931088597 5.88830456392
0.48749927883 1.2653637077 5.37670492693
0.607423964313 0.959931088597 5.88830456392
0.631544564665 1.2653637077 5.37670492693
0.472589396591 1.2653637077 5.10726972365
0.564455 0.959931088597 5.58069028325
0.610344853097 1.2653637077 5.10726972365
0.464004017221 0.959931088597 5.27307600259
0.526080075565 1.2653637077 4.83783452037
0.586825830561 0.959931088597 5.27307600259
0.635720779861 1.2653637077 4.83783452037
0.521612882845 1.2653637077 4.5683993171
0.62435 0.959931088597 4.96546172192
0.627668534294 1.2653637077 4.5683993171
0.493087237689 0.959931088597 4.3502331606
0.512690310637 1.2653637077 4.02952891054
0.592725337444 0.959931088597 4.3502331606
0.612100750869 1.2653637077 4.02952891054
0.522502082868 1.2653637077 3.49065850399
0.560355 0.959931088597 3.73500459927
0.602446969626 1.2653637077 3.49065850399
0.301465439838 0.959931088597 3.11977603794
0.395384872761 1.2653637077 2.95178809744
0.438898712608 0.959931088597 3.11977603794
0.514264391889 1.2653637077 2.95178809744
0.276424584063 1.2653637077 2.41291769088
0.325005 0.959931088597 2.50454747661
0.42822104436 1.2653637077 2.41291769088
0.156961919416 0.959931088597 2.19693319595
0.269776075981 1.2653637077 2.14348248761
0.331802576833 0.959931088597 2.19693319595
0.412811163535 1.2653637077 2.14348248761
0.304600052103 1.2653637077 1.87404728433
0.36147 0.959931088597 1.88931891528
0.42910834035 1.2653637077 1.87404728433
0.366522562555 0.959931088597 1.58171336127
0.368659778321 1.2653637077 1.60462517102
0.501458635626 0.959931088597 1.58171336127
0.486020582383 1.2653637077 1.60462517102
0.343503505147 1.2653637077 1.33520305771
0.60296 0.959931088597 1.27410780725
0.515018310256 1.2653637077 1.33520305771
0.42914787654 0.959931088597 1.10392947853
0.286265497161 1.2653637077 1.0886622109
0.595817113889 0.959931088597 1.10392947853
0.510428088499 1.2653637077 1.08866439256
0.734590679836 1.2653637077 1.08866657422
0.277967606893 1.2653637077 0.842121364087
0.60526 0.959931088597 0.933751149817
0.501031777845 1.2653637077 0.84212572741
0.724095948796 1.2653637077 0.842130090734
0.420811696649 0.959931088597 0.763581547748
0.276066480765 1.2653637077 0.595593607243
0.596643051115 0.959931088597 0.763581547748
0.490159378414 1.2653637077 0.595595788905
0.704252276063 1.2653637077 0.595597970566
0.521298905196 0.479965544298 0.593411945678
0.5174185285 0.479965544298 0.423242343609
0.718205 0.0 0.593411945678
0.652627713853 0.479965544298 0.593411945678
0.653176155856 0.479965544298 0.423240161947
0.510956552383 0.479965544298 0.253072741539
0.649930782546 0.479965544298 0.253068378216
0.522279475497 0.479965544298 0.0829031394697
0.656835621451 0.479965544298 0.0829009578082
0.532451093174 0.479965544298 -0.0872664625997
0.656310702676 0.479965544298 -0.0872664625997
0.529810778809 0.479965544298 5.88830456392
0.646815638738 0.479965544298 5.88830456392
0.508571932535 0.479965544298 5.58069028325
0.630024109866 0.479965544298 5.58069028325
0.512412397154 0.479965544298 5.27307600259
0.624725100411 0.479965544298 5.27307600259
0.545900097409 0.479965544298 4.96546172192
0.639023516181 0.479965544298 4.96546172192
0.53937157635 0.479965544298 4.3502331606
0.637382082671 0.479965544298 4.3502331606
0.526779252892 0.479965544298 3.73500459927
0.618220260889 0.479965544298 3.73500459927
0.441060909552 0.479965544298 3.11977603794
0.553649636173 0.479965544298 3.11977603794
0.360407648913 0.479965544298 2.50454747661
0.502290230501 0.479965544298 2.50454747661
0.391922640767 0.479965544298 2.19693319595
0.521935931578 0.479965544298 2.19693319595
0.418215759157 0.479965544298 1.88931891528
0.545544660609 0.479965544298 1.88931891528
0.517738589138 0.479965544298 1.58170899794
0.623816678096 0.479965544298 1.58170899794
0.597682854863 0.479965544298 1.2740990806
0.688786069292 0.479965544298 1.2740990806
0.570680666381 0.479965544298 1.10392511521
0.677108484463 0.479965544298 1.10392511521
0.562854132459 0.479965544298 0.933751149817
0.666836902564 0.479965544298 0.933751149817
0.542422666831 0.479965544298 0.763581547748
0.654149619541 0.479965544298 0.763581547748
