-3.32634595725 44.3205119602 -1.06382016432 
-3.32635969498 44.3205492566 -1.06411995531 
-10.0574482231 44.2898820505 -5.34005756659 
-10.0575056677 44.2898738943 -5.34039271667 
-16.6732701764 42.6309213153 -9.35351737419 
-16.6733638463 42.630844136 -9.35386219486 
-22.7239748942 38.9603135573 -12.565067944 
-22.7240915472 38.9601622036 -12.5653876047 
-3.46757607452 44.3764033456 -8.52546913465 
-3.46761935419 44.3763689507 -8.52579118707 
-10.4704978277 43.3907450222 -13.1624386017 
-10.4705763233 43.3906606845 -13.1627801147 
-17.3178370956 40.6851334612 -17.1651572182 
-17.317945134 40.6849870946 -17.1654920109 
-23.6051935727 36.2325989415 -19.9808469856 
-23.6053206598 36.2323915917 -19.981144312 
-3.58140297402 42.5905751652 -15.818142458 
-3.58147679689 42.5904591062 -15.8184645941 
-10.8334509707 40.7593055066 -20.6560187913 
-10.8335502285 40.7591387195 -20.6563451452 
-17.9526102067 37.2393190566 -24.5315000776 
-17.9527313695 37.2390987128 -24.5318069484 
-24.5415765847 32.1736988063 -26.8775436148 
-24.5417119016 32.173431022 -26.8778041781 
-3.65542885061 38.914176961 -22.3540560136 
-3.6555329405 38.9139804899 -22.3543527702 
-11.1059759466 36.3494088394 -27.2671148104 
-11.1060951387 36.3491632499 -27.2674019385 
-18.5007698866 32.1998132921 -30.9595232252 
-18.5009024192 32.1995221378 -30.9597804251 
-25.4373899083 26.70023359 -32.8253557341 
-25.4375308704 26.6999084574 -32.8255611514 
-3.68762614465 33.6543183332 -27.6193852757 
-3.68770861276 33.6540752336 -27.6196255103 
-11.2624791932 30.3954521756 -32.4528939993 
-11.2625928069 30.3951537154 -32.4531209548 
-18.8789668302 25.6940914885 -35.8560631459 
-18.8791080377 25.6937422201 -35.8562483622 
-26.1528553349 19.8980929215 -37.2267135015 
-26.1530161282 19.8977112939 -37.2268304136 
-3.72448329252 27.8474702135 -31.8940510121 
-3.72448853431 27.8472286228 -31.8942055125 
-11.3651514852 23.6062519073 -36.1774024234 
-11.3652319299 23.6059287278 -36.1775521785 
-19.0370363069 18.1675201971 -38.73949093 
-19.0371822607 18.1671333657 -38.7395835724 
-26.4371720524 12.0865108337 -39.226907415 
-26.4373660607 12.0861065389 -39.2269111073 
-3.76878212946 21.6734539704 -35.1952776111 
-3.76870800804 21.6732547958 -35.1953437355 
-11.4182355544 16.3690679157 -38.3303895883 
-11.4182802478 16.3687439105 -38.3304541942 
-18.9685470515 10.2800953522 -39.3954168679 
-18.9686935047 10.2796986696 -39.3954023024 
-26.2593660315 4.14152376028 -38.5938328181 
-26.2595865634 4.14114884221 -38.5937352593 
-3.81432991705 15.2120990966 -37.4160392631 
-3.81418009521 15.2119828723 -37.4160394057 
-11.4134777813 9.05238444017 -38.8235595214 
-11.4134862269 9.05208712695 -38.8235458737 
-18.6824419504 2.72910806171 -37.8414831673 
-18.6825847729 2.72873457303 -37.8413560975 
-25.6592252866 -3.02902807226 -35.5141580296 
-25.6594634123 -3.02933406698 -35.5139911023 
-3.69981459254 9.61808694249 -38.2206189675 
-3.69969648931 9.61800556799 -38.2206026029 
-10.9172297387 3.30735529905 -37.8032440538 
-10.9171531205 3.30722364881 -37.8032081454 
-17.571608967 -2.51796807924 -34.9138416408 
-17.5715625041 -2.51812383048 -34.9137313743 
-23.9010223158 -7.40788601477 -31.460167092 
-23.901004224 -7.4080381365 -31.4600056603 
-3.43388262393 5.10048322939 -38.0995267619 
-3.43377738695 5.10039889915 -38.099505437 
-10.0872322797 -0.800981932162 -36.7084822454 
-10.0871477587 -0.801089564971 -36.7084681274 
-16.110806684 -5.86565660235 -32.8465892498 
-16.1107375429 -5.86577244024 -32.8465338336 
-21.7208866003 -9.8672718981 -28.6566383799 
-21.7208237704 -9.86737631239 -28.6565316336 
-3.17962070715 0.737844085279 -37.573261386 
-3.17952729821 0.737757332326 -37.5732345639 
-9.35348602063 -4.69893034488 -35.6919194939 
-9.35339336015 -4.69902145647 -35.6919181097 
-14.9134821357 -9.05542319553 -31.3219487678 
-14.9133912119 -9.05551249676 -31.3219381356 
-19.9625068764 -12.2185144105 -26.5040066225 
-19.9624094157 -12.2185875873 -26.5039620227 
-2.94036086131 -3.4608902378 -36.7836948804 
-2.9402783555 -3.46097957971 -36.7836661688 
-8.66929711248 -8.45166066697 -34.5390863775 
-8.66919685459 -8.45173837606 -34.5390897018 
-13.8331942357 -12.1521995719 -29.8898379133 
-13.833082907 -12.15226777 -29.8898580909 
-18.4595305859 -14.5676988466 -24.7310450655 
-18.4594072635 -14.5677539524 -24.7310624548 
-2.79781224412 -7.52328804144 -35.7779227224 
-2.79774599896 -7.52338217338 -35.777885163 
-8.24285628259 -12.0184288841 -33.0203619767 
-8.24277497728 -12.0185033492 -33.0203558592 
-13.1576131802 -15.0389389165 -28.1358757655 
-13.157524013 -15.0389995956 -28.1358966788 
-17.5955822352 -16.8598066281 -22.9938749045 
-17.5954858866 -16.8598543001 -22.9939066807 
-2.73397198382 -11.359614471 -34.1980738499 
-2.73391531509 -11.3597110149 -34.1980172119 
-8.05669114965 -15.321803186 -31.0695433383 
-8.05661786256 -15.3218817548 -31.0695189535 
-12.896412994 -17.7348138086 -26.1696069911 
-12.8963308436 -17.7348822935 -26.1696152473 
-17.3174134654 -19.0766276954 -21.1867414594 
-17.3173234081 -19.0766850433 -21.1867647264 
-2.6657428427 -14.8796263464 -32.0920698564 
-2.66569562621 -14.8797218176 -32.0919959906 
-7.87077842921 -18.3361070459 -28.7819227707 
-7.87071292112 -18.3361857103 -28.7818794817 
-12.6674565755 -20.2903293959 -24.0742131246 
-12.6673805634 -20.2904016578 -24.0742053526 
-17.1066131739 -21.2936015078 -19.3417458085 
-17.1065284579 -21.2936659467 -19.3417577188 
-2.59635666988 -18.0414649319 -29.585685008 
-2.59631867304 -18.0415568508 -29.5855963262 
-7.68939636082 -21.0498494552 -26.2275688502 
-7.68933850553 -21.0499251372 -26.2275078182 
-12.4632869971 -22.6970920766 -21.8228330367 
-12.4632165971 -22.6971642978 -21.8228077036 
-16.9445964872 -23.4904948735 -17.3820518397 
-16.9445163257 -23.4905632516 -17.382050025 
-2.50738017861 -22.3185400539 -25.5616991252 
-2.50733565833 -22.3187240832 -25.561501758 
-7.45194702416 -24.6973799395 -22.1402475113 
-7.45188008002 -24.697531187 -22.1400727832 
-12.1673439827 -25.879289094 -18.0368599299 
-12.167260757 -25.8794172234 -18.0367190683 
-16.6527817253 -26.2831699192 -13.9015423132 
-16.652684712 -26.2832743134 -13.9014299491 
-2.39902103984 -26.9064544979 -19.4591384559 
-2.3989594829 -26.9065750147 -19.4589264672 
-7.14839262239 -28.4388230295 -16.0081086924 
-7.14831133688 -28.4389205151 -16.0079241158 
-11.7213273816 -28.8602746565 -12.1762203953 
-11.721230964 -28.8603551601 -12.1760684509 
-16.0677316462 -28.4385013722 -8.35642435481 
-16.0676215228 -28.4385605996 -8.35630171708 
-2.29376549724 -29.9544261015 -12.6378455634 
-2.29368916434 -29.9544883406 -12.6376360657 
-6.84814869735 -30.7078932882 -9.31513758941 
-6.84805555187 -30.7079444563 -9.31495774532 
-11.2428902166 -30.3296712754 -5.82685068692 
-11.2427845434 -30.3297156028 -5.82670308824 
-15.3570539746 -28.8840588592 -2.46354214699 
-15.3569379968 -28.8840920098 -2.46342560441 
-2.19313962636 -31.4331732139 -5.47183493157 
-2.19305068472 -31.4331849934 -5.47164078094 
-6.56022665583 -31.5366088265 -2.41276835128 
-6.56012393516 -31.5366243255 -2.41260252967 
-10.7598528558 -30.3685476173 0.596361678931 
-10.7597415168 -30.3685716437 0.596498083083 
-14.5869078183 -27.8046800608 3.22940636567 
-14.5867922473 -27.8047104032 3.22951393529 
-2.17645141425 -31.3182128696 1.70983933404 
-2.17637026075 -31.3181716409 1.71003538099 
-6.52303182617 -30.9160688831 4.41377195259 
-6.52295009075 -30.9160383885 4.41394726628 
-10.6733459479 -29.0367095377 6.77041108149 
-10.6732685281 -29.0366982191 6.77056405447 
-14.3308566746 -25.454865808 8.33222768876 
-14.3307883424 -25.4548771713 8.33235759134 
-2.23078844605 -29.3370336939 8.48156854367 
-2.23072519248 -29.3369314546 8.48177143484 
-6.69118250107 -28.5094289395 10.7301892454 
-6.69112252199 -28.5093322885 10.7303783963 
-10.9360117126 -26.2300113011 12.3009943764 
-10.9359593368 -26.2299317607 12.3011665955 
-14.6274857035 -22.3253293382 12.6954403145 
-14.6274459452 -22.3252775491 12.6955931078 
-2.27799617183 -25.7998513111 14.3747613796 
-2.27795319663 -25.7996958154 14.3749491543 
-6.83129548628 -24.6623931207 16.092550201 
-6.83126071934 -24.6622363723 16.0927253211 
-11.1695638955 -22.319412715 16.8953533327 
-11.1695399212 -22.3192667268 16.8955115298 
-14.969005771 -18.7164129509 16.3417545156 
-14.9689960669 -18.7162925803 16.3418938569 
-2.32365862638 -21.160621735 19.1368668571 
-2.32363775277 -21.1604259171 19.1370248152 
-6.96123073757 -19.8482882009 20.2861038694 
-6.96122385785 -19.8480873057 20.2862453602 
-11.3976897914 -17.6897702314 20.4396437105 
-11.39769743 -17.6895763411 20.4397647054 
-15.3623406871 -14.7452724778 19.3034661061 
-15.3623642611 -14.7451016625 19.3035679245 
-2.35445757563 -17.1018919003 21.7912628258 
-2.35445703307 -17.1017762802 21.791318493 
-7.04556088941 -15.7608764428 22.5088642764 
-7.04557164045 -15.7607593314 22.5089108311 
-11.5611407703 -13.8849995023 22.328895526 
-11.5611630626 -13.8848881367 22.3289350062 
-15.7032202382 -11.5903350819 21.1263911563 
-15.7032554274 -11.5902377441 21.1264294196 
-2.37468790602 -14.2369166041 23.1191684027 
-2.37470802858 -14.2367992379 23.1192220517 
-7.11159209545 -12.9816335098 23.6623933163 
-7.11161762885 -12.9815183709 23.6624398826 
-11.7150799905 -11.3843662147 23.4712352809 
-11.7151118918 -11.3842595791 23.4712797872 
-16.0330108514 -9.53863994731 22.4716274868 
-16.0330509706 -9.53854672963 22.4716749416 
-2.40284353838 -11.4018899982 24.3128071073 
-2.4028845295 -11.4017705483 24.3128571414 
-7.2095174426 -10.2676255862 24.7882409438 
-7.20955773532 -10.2675095141 24.7882853361 
-11.9312364163 -8.92503429898 24.6887880967 
-11.9312771812 -8.92492650024 24.6888326505 
-16.4380164608 -7.42084630401 23.8990307709 
-16.4380595343 -7.42075006524 23.8990790228 
-2.43795923665 -8.55035479767 25.3702409776 
-2.43802123461 -8.55023346859 25.3702857195 
-7.32879013279 -7.52347973947 25.8118896408 
-7.32884518507 -7.52336109338 25.8119286574 
-12.1788396526 -6.37706502725 25.8168253241 
-12.1788884091 -6.37695274964 25.8168629179 
-16.8669307344 -5.12381026515 25.1843320512 
-16.8669743844 -5.12370757962 25.1843707561 
-2.53041304696 -5.66251342178 26.356659567 
-2.53047986597 -5.66239230678 26.356708489 
-7.60896374658 -4.70365234664 26.6753126513 
-7.60902356744 -4.70353276656 26.6753483889 
-12.6543127898 -3.67666793572 26.5811866277 
-12.654362961 -3.676552727 26.5812020186 
-17.5456349652 -2.60436697849 25.863849784 
-17.5456735368 -2.6042611676 25.8638479965 
-2.69543132632 -2.72344501137 27.6483547774 
-2.69547687081 -2.72331949834 27.6484121426 
-8.07861966062 -1.8090892333 27.5979083274 
-8.07864821386 -1.80896930225 27.5979449523 
-13.3201966489 -0.876274519192 26.7634001428 
-13.3202030057 -0.876166328206 26.7634040961 
-18.2959752321 -4.13849592123e-05 25.2926405265 
-18.2959561889 4.96690081924e-05 25.2926179472 
-2.88058255944 0.44257115921 29.0139739155 
-2.88060259004 0.442705205828 29.0140256981 
-8.59081164248 1.2433679092 28.4867204867 
-8.59080423874 1.24348900123 28.4867591287 
-13.9863727062 1.92216352749 26.6555271262 
-13.9863360727 1.92226283056 26.6555491212 
-18.9287709341 2.42900285426 24.1231085822 
-18.9287049043 2.4290769532 24.1231159842 
-3.07495302443 3.89188525937 30.0748861754 
-3.07494291614 3.89202546577 30.0749166648 
-9.13186714672 4.4864499289 29.1526345897 
-9.13181955027 4.48657235375 29.152675225 
-14.7197307159 4.74361377918 26.565115695 
-14.7196535666 4.7437116777 26.5651791688 
-19.6389395413 4.69404350675 23.0724118354 
-19.6388397266 4.69411464152 23.0724893708 
-3.16505035956 8.32758234748 30.2880969345 
-3.16517920674 8.32778072873 30.2880792569 
-9.39412338018 8.85937121798 29.2075834306 
-9.39427611934 8.85954565037 29.2075206329 
-15.1319187525 8.8044929847 26.5069781837 
-15.1320784064 8.80462352693 26.5068669811 
-20.0204340771 8.12756373459 22.4830806711 
-20.0205780212 8.12763298553 22.4829129928 
-3.1561148704 13.6780628482 29.5024811112 
-3.15626130952 13.6782617417 29.5024299454 
-9.39746324142 14.391037112 28.3982344853 
-9.39763028516 14.3912126962 28.3981535176 
-15.2094020961 14.2623461778 25.8635115371 
-15.2095720471 14.2624697468 25.8633828456 
-20.019851804 12.8930303516 21.5642045729 
-20.019993002 12.8930668387 21.5640059479 
-3.1620616665 19.1843482738 28.045539636 
-3.16222586664 19.1845502182 28.0454625277 
-9.46346617257 20.1816544141 26.904721486 
-9.46364950683 20.1818381303 26.9046255896 
-15.4279026147 20.1561923355 24.5608421439 
-15.4280862594 20.1563143354 24.5606976312 
-20.2719641639 18.1360291741 20.2308084512 
-20.2721083065 18.1360352344 20.2305912237 
-3.19800588267 25.0379885822 26.0419476157 
-3.19818897413 25.0382006042 26.0418468795 
-9.62466294467 26.3762443231 24.7046563081 
-9.62486492732 26.3764428226 24.7045402528 
-15.8254102446 26.5972200723 22.4171156604 
-15.8256120987 26.597347946 22.4169528931 
-20.8908196401 24.2013149025 18.3200094488 
-20.8909782092 24.201308757 18.3197875317 
-3.26664678746 31.303249806 23.2696933337 
-3.26682169529 31.3034693608 23.2695362534 
-9.87684364481 32.91944926 21.4808407197 
-9.87704038046 32.9196569176 21.4806661619 
-16.3747367943 33.4055216352 18.9965152068 
-16.3749399799 33.4056607597 18.9963052556 
-21.8965681559 31.1151286057 15.2600563669 
-21.8967402214 31.1151405296 15.2598157225 
-3.29283339517 36.4801206013 18.6883505632 
-3.29296246572 36.4803096482 18.6881180129 
-9.98960767276 38.179659777 16.305006224 
-9.98976285272 38.1798361754 16.3047507175 
-16.6550597155 38.717945244 13.4263905621 
-16.6552301481 38.7180606797 13.4261097306 
-22.5184524334 36.5049822626 9.86694351354 
-22.518608452 36.5049857207 9.86665641061 
-3.28155240356 40.2170781466 12.7771787339 
-3.28162840137 40.2172146353 12.7769006647 
-9.97007853756 41.7103534717 9.72567028036 
-9.97018365155 41.7104698562 9.72536076512 
-16.6563069381 41.944509108 6.36233749045 
-16.656433128 41.9445671408 6.36200644152 
-22.6702798216 39.5537742735 2.85263013283 
-22.6704054417 39.5537374502 2.85230766231 
-3.25773769754 42.7340628932 6.10106616059 
-3.2577582002 42.7341483372 6.10077771601 
-9.88664674059 43.6576048606 2.38357661779 
-9.88669928613 43.6576577241 2.38324850618 
-16.4833819886 43.1569292774 -1.41277623486 
-16.4834598363 43.1569199732 -1.41312486344 
-22.4901771512 40.2834118774 -4.85698391641 
-22.490265911 40.283322551 -4.85731754271 
25.7108854541 27.4986408418 14.4916135972 
25.710651797 27.4988705966 14.4915671502 
19.4495731711 33.5240370106 12.3624252687 
19.4493247746 33.5242815916 12.3622656759 
12.2978903748 39.0624373109 8.79970883212 
12.2976949893 39.0626156667 8.79944275765 
4.25695310394 42.9610680432 3.87077244625 
4.25688381551 42.9611481715 3.87047406124 
25.6106357092 28.5257207344 11.738155567 
25.610408116 28.5259573363 11.7380243915 
19.414076969 34.5938098851 8.44990465029 
19.4138606094 34.5940183775 8.44967867939 
12.3407153205 40.124367345 3.57097889957 
12.3405430951 40.1244913704 3.57067456273 
4.29602272535 43.7075895937 -2.71518300075 
4.29593587296 43.7076103339 -2.71551041262 
25.3540627512 28.922908319 8.81214093812 
25.3538746907 28.9230876363 8.81195376466 
19.2366802614 34.7316660269 4.39412528949 
19.2365082531 34.7318034993 4.39386618852 
12.2835457579 39.9215124394 -1.75953627502 
12.283398344 39.9215657283 -1.7598555192 
4.29839658179 42.8323439081 -9.30599050705 
4.29829252008 42.8322917384 -9.30633187541 
25.0637060831 28.9413981667 5.90012107885 
25.0635886374 28.9414877052 5.89993377261 
18.9638205455 34.069972293 0.413150951597 
18.9637014818 34.0700200905 0.412902271124 
12.1157059981 38.3979544192 -6.86263436895 
12.115583866 38.3979261729 -6.86293937554 
4.25099676066 40.1867546939 -15.3949107584 
4.25087669989 40.1866213664 -15.3952442921 
24.8376846688 28.8225909029 3.08065182908 
24.8376100693 28.8226287945 3.08048279463 
18.6574867092 32.8364535894 -3.34748371108 
18.6574088082 32.8364414946 -3.34770071542 
11.8606912328 35.7516793154 -11.4390543283 
11.8606100574 35.7515896566 -11.4393102963 
4.15704019831 36.0061973662 -20.5077424198 
4.15695978709 36.0060109649 -20.5080116065 
24.6567911733 28.5406698469 0.338315253679 
24.6567132763 28.5406942776 0.338136147502 
18.4355295804 31.4796079525 -6.88457577441 
18.4354763325 31.4795707803 -6.88476933664 
11.6748107535 32.9392703143 -15.6067689713 
11.6747862119 32.9391569957 -15.6069530042 
4.0849533747 31.5135579827 -24.9480367779 
4.08496732407 31.5133811349 -24.9481841189 
24.529666575 28.1317451025 -2.33386765923 
24.5295869377 28.1317585576 -2.33405731544 
18.3020427908 30.045031971 -10.2584817936 
18.3020142314 30.0449774369 -10.2586470366 
11.5579463663 30.0023147444 -19.4547674713 
11.5579773423 30.0022012212 -19.4548675642 
4.03496719925 26.7817410856 -28.7907028903 
4.0350712986 26.7816247776 -28.7907185308 
24.4767800567 27.6561377457 -4.95827282294 
24.4766999445 27.6561418503 -4.95847484528 
18.2455716116 28.5041491718 -13.5148137164 
18.2455675924 28.5040848469 -13.5149465704 
11.4847459936 26.8304199131 -22.9723850349 
11.4848302649 26.8303334019 -22.9723962263 
3.99563542179 21.7275507792 -31.9392778177 
3.99581915057 21.7275452763 -31.9391772906 
24.4908364868 26.8819502147 -8.29284368124 
24.491073858 26.8819077889 -8.29255143883 
18.2364156172 26.5418875863 -16.9880165509 
18.2366497106 26.5419044586 -16.9877526405 
11.4231246205 23.3431003661 -26.0141696241 
11.4233406365 23.3431518413 -26.0139705762 
3.95490823942 16.8697308541 -33.9454915729 
3.9550859038 16.8697705197 -33.9453766757 
24.4407453155 25.240334369 -12.1384524327 
24.4409478447 25.2402992723 -12.1382572759 
18.1692552938 23.7387097153 -20.3560819804 
18.1694496756 23.7387145406 -20.3559160189 
11.3217642274 19.4291343301 -28.3150334368 
11.3219400757 19.4291519953 -28.3149074272 
3.90273070752 12.3577353587 -34.8443115489 
3.90287879593 12.3577395396 -34.8442259258 
24.3656061329 23.0031908258 -15.6462530447 
24.3657490485 23.0031407893 -15.6461723715 
18.0817458238 20.4687397509 -23.2216956384 
18.0818859303 20.4687088387 -23.2216259219 
11.2133452034 15.2962024481 -30.0053145145 
11.2134755474 15.2961749433 -30.0052514262 
3.85127012118 7.87898031931 -35.1651872847 
3.85138817589 7.87894959203 -35.1651267635 
24.333956524 20.3668672308 -18.8346650647 
24.3340251588 20.3667842012 -18.8346989773 
18.0333352018 16.944507029 -25.6954065619 
18.0334120052 16.944423983 -25.6954220749 
11.1396635313 11.1275177727 -31.307775522 
11.139745616 11.1274388657 -31.3077649203 
3.8140352806 3.53006012651 -35.1773482823 
3.81412359885 3.52999490826 -35.1773117834 
24.3805287409 17.4172593876 -21.7409009855 
24.3805537781 17.4171436573 -21.7409786339 
18.0585429681 13.2465694484 -27.8844528688 
18.0585823011 13.2464476545 -27.8844974306 
11.1254722186 6.95845714818 -32.4001004249 
11.1255251026 6.95834400117 -32.4001067158 
3.79834613733 -0.714732136426 -35.0569845417 
3.7984140062 -0.71482177239 -35.056954858 
24.3677743414 13.9800100485 -24.0585297173 
24.3677926549 13.9798771682 -24.0585880151 
18.0571312424 9.23937179774 -29.4505012807 
18.0571627024 9.23923572223 -29.4505281098 
11.1064175422 2.69179056263 -32.9112292291 
11.1064611037 2.69166569146 -32.9112212689 
3.78090880957 -4.87485622134 -34.3970894052 
3.78096506109 -4.87495664126 -34.3970474376 
24.3152021943 10.2042724045 -25.7453539056 
24.3152159463 10.2041286027 -25.7453942575 
18.0238950366 5.03511419094 -30.3299557572 
18.0239191842 5.03496812489 -30.3299638132 
11.0730630316 -1.58554839401 -32.7761120727 
11.0730972853 -1.58568168499 -32.7760874333 
3.75885159636 -8.86476918085 -33.1651551469 
3.75889624566 -8.86487707102 -33.1650992363 
24.2748831105 6.24550548931 -26.8766405496 
24.2748945279 6.24535474768 -26.8766662673 
17.9759730927 0.764822827346 -30.5609416921 
17.9759906138 0.764670528174 -30.5609311943 
11.0296596535 -5.77142546215 -32.028622074 
11.0296846968 -5.77156359128 -32.028579291 
3.73413622048 -12.6112819707 -31.4297366345 
3.73416934127 -12.6113938828 -31.4296655898 
24.2714230489 0.131641286317 -27.583754426 
24.2714283652 0.131318434202 -27.5837486099 
17.9205448651 -5.56261812621 -29.8541464251 
17.9205593058 -5.56293261693 -29.8540701981 
10.9772048447 -11.7460898885 -29.9989751592 
10.9772315667 -11.7463689624 -29.9988425335 
3.70787298926 -17.7868667107 -28.2331110817 
3.70791291704 -17.7870922562 -28.2329378397 
24.1872521645 -7.91360474462 -26.203375573 
24.1872466911 -7.91391379389 -26.2032690398 
17.8189287083 -13.4018734122 -26.8341690686 
17.8189437535 -13.4021476132 -26.8340049544 
10.9029267574 -18.7841179039 -25.5963405449 
10.9029660397 -18.7843377353 -25.5961431928 
3.67735176432 -23.5879307252 -22.7723850546 
3.67741625637 -23.5880875288 -22.7721782186 
24.0275681061 -15.0345512768 -22.388277148 
24.0275530661 -15.0348138577 -22.3880824792 
17.6858996382 -19.9403162155 -21.7431733614 
17.6859161803 -19.9405282939 -21.7429411325 
10.8135031821 -24.2887956691 -19.5537887646 
10.8135550962 -24.2889455327 -19.5535489993 
3.64385814368 -27.7804482957 -16.1655644866 
3.643946318 -27.7805374788 -16.1653447582 
23.8238445655 -20.5420010934 -16.6577859313 
23.8238214413 -20.5421933775 -16.6575256046 
17.5454346769 -24.7092348146 -15.1372045388 
17.5454535826 -24.7093718557 -15.1369273842 
10.7186373527 -27.9419229248 -12.408602512 
10.7187019548 -27.9419998048 -12.4083423334 
3.60935069575 -30.1892050392 -8.88427164128 
3.60946146094 -30.1892321781 -8.88405593591 
23.5704891195 -23.9198761514 -9.64529262376 
23.5704598952 -23.919967734 -9.64499042784 
17.3906022482 -27.3586743252 -7.59124940149 
17.3906164902 -27.3587160667 -7.59094522765 
10.6156802359 -29.5325678354 -4.70639887797 
10.6157421459 -29.532566734 -4.7061260947 
3.57326182763 -30.7259584474 -1.39609725801 
3.57337072743 -30.7259270077 -1.3958763248 
23.13454025 -24.5498262377 -2.0972441842 
23.1345104528 -24.5498049153 -2.09694363655 
17.0999960892 -27.274385438 0.226862243196 
17.1000011816 -27.2743245233 0.227157912017 
10.4573846396 -28.7115694096 2.93461053022 
10.4574293818 -28.7114864477 2.93487762909 
3.52617365407 -29.2474289246 5.78866030267 
3.5262569198 -29.2473345165 5.78888602724 
22.6364504485 -22.756327088 4.91814332727 
22.6364258633 -22.7562189115 4.91840558607 
16.7483669612 -24.825421527 7.33521832099 
16.7483670949 -24.8252826988 7.33547349618 
10.2757613507 -25.8466320296 9.78032428589 
10.2757908032 -25.8464826893 9.78055998479 
3.47509953834 -26.0779736186 12.1560300605 
3.47515744973 -26.0778232484 12.156237984 
22.2140016398 -19.2691283459 10.8015871231 
22.2139870431 -19.2689652039 10.8017978003 
16.429917594 -20.7497659771 13.1912324633 
16.4299164407 -20.7495786273 13.1914356174 
10.1108005544 -21.5363447974 15.428282377 
10.1108167903 -21.5361505029 15.4284746798 
3.42873847235 -21.6732375466 17.4189195358 
3.4287717021 -21.6730450193 17.4190954652 
21.9578664605 -15.8433586193 14.3065502783 
21.957851457 -15.8432578544 14.3066321956 
16.2112945351 -16.9021919515 16.5712740695 
16.2112842399 -16.9020787207 16.5713487426 
9.99243697939 -17.5655634833 18.6957166237 
9.99243445383 -17.565447368 18.6957874513 
3.39406598736 -17.7100855811 20.4715772842 
3.39407131135 -17.7099712601 20.4716427101 
21.8073826868 -13.2612336223 16.1566136207 
21.8073539534 -13.2611339964 16.1566920423 
16.0723519323 -14.0709848062 18.2885635772 
16.072322742 -14.0708757611 18.2886368441 
9.91577955149 -14.6715895422 20.3654787575 
9.9157517592 -14.6714762478 20.3655489893 
3.37138876679 -14.8500872466 22.0453260027 
3.37136273774 -14.8499729187 22.0453900563 
21.7575711336 -10.6390330679 17.8189588265 
21.7575289658 -10.6389335952 17.8190359264 
16.0085942914 -11.2549545584 19.8267782757 
16.0085466702 -11.2548488065 19.8268526006 
9.8781080898 -11.7785950026 21.8530906338 
9.87805558088 -11.7784846616 21.8531615309 
3.35965344585 -11.9786567455 23.4422305955 
3.35959663168 -11.9785435722 23.4422921842 
21.8244464931 -7.95094368549 19.3856509735 
21.8243911349 -7.950842548 19.3857289707 
16.0259321992 -8.4167178633 21.2692170332 
16.0258663564 -8.41661339061 21.2692941952 
9.8805246156 -8.85387181978 23.211636391 
9.88044776564 -8.85376367455 23.2117083742 
3.35839248375 -9.06681585791 24.6854611533 
3.35830556206 -9.06670500309 24.6855189387 
22.0517699544 -5.14343174732 21.0006420519 
22.0517208879 -5.14332449987 21.0007284165 
16.143580031 -5.49713938208 22.7262200523 
16.1435165861 -5.4970299424 22.7263014577 
9.92706429395 -5.85029592011 24.4928765888 
9.92698666015 -5.85018373254 24.4929456253 
3.36835436014 -6.08607500099 25.806728533 
3.36826519866 -6.08596306697 25.8067823963 
22.5395016811 -2.09484559055 22.9162090227 
22.5394749851 -2.09472015414 22.9162974038 
16.4068287731 -2.39254617282 24.374858668 
16.4067870136 -2.39242123253 24.3749365397 
10.027514939 -2.70266709253 25.7622096016 
10.0274602422 -2.70254326998 25.7622702139 
3.39486163632 -3.00600576015 26.9187549217 
3.3947981507 -3.00588595506 26.9188072647 
23.177606018 1.43173992225 24.7130269197 
23.1775969573 1.43188804252 24.7130960986 
16.7709053069 1.08138960785 25.9542725332 
16.7708841906 1.08153344497 25.9543349436 
10.1796424524 0.68536939977 26.9642165507 
10.1796116184 0.68550702021 26.9642671878 
3.43833136419 0.257198438421 28.0060023021 
3.4382943916 0.257329777705 28.0060506707 
23.7885560209 5.41431655575 25.794310947 
23.7885581619 5.41447998197 25.7943363446 
17.1674763687 4.96042324587 27.0865836888 
17.1674747503 4.9605834487 27.0866172449 
10.3800234625 4.38537984492 28.0015024032 
10.3800177121 4.38553318158 28.0015409127 
3.49863980541 3.7801848109 29.0101067517 
3.49863028788 3.78033056981 29.0101463829 
24.1838615297 8.83418720393 25.8984781782 
24.1839260438 8.83429264565 25.898458682 
17.5180147415 8.74583497303 27.5177609985 
17.518031238 8.74597477811 27.5177661773 
10.617876268 8.46165335283 28.698098502 
10.6178368188 8.46181834862 28.6981202761 
3.57355117458 8.07868665988 29.6836945287 
3.57345242002 8.07886425146 29.6837174271 
24.443585455 11.5092351212 25.5411469195 
24.4434949299 11.5093460412 25.5411567159 
17.8185509782 12.2698506756 27.3687795693 
17.818445445 12.2699902536 27.3687915542 
10.8557693253 12.8110843835 28.7231362536 
10.855645125 12.8112493018 28.7231461315 
3.65270642533 13.1057393985 29.5355445576 
3.65256142177 13.1059198272 29.5355372051 
24.6483265964 14.1223755315 24.7800708267 
24.6481197787 14.1224911841 24.780121214 
18.1112176143 15.8412630022 26.7186849519 
18.1110140554 15.8414044791 26.7187174113 
11.1104935724 17.3391126017 28.1321093737 
11.1102949039 17.3392792672 28.1321149274 
3.74468851874 18.3684893679 28.6871773911 
3.74449916772 18.3686727203 28.6871420889 
24.8620620275 16.7023367412 23.7638641723 
24.8618162449 16.7024450795 23.7639484189 
18.4435472399 19.4902531682 25.6968375251 
18.4432883981 19.4903937776 25.6968937067 
11.4125571045 22.0773907524 27.0145796964 
11.4123009738 22.0775611041 27.0145856099 
3.86338794317 23.9469226786 27.2247114073 
3.86315655799 23.9471126418 27.2246506866 
25.1239062774 19.2862808109 22.5627250825 
25.1236772088 19.2863949266 22.5628164517 
18.8296986972 23.2169462483 24.2994047903 
18.829432376 23.2171081247 24.2994605512 
11.762557085 26.9755666569 25.2727644878 
11.762283637 26.975761845 25.2727451733 
4.00999638928 29.8023902529 24.9732480628 
4.00975887262 29.8025969414 24.9731342198 
25.3154566783 21.6631087547 20.9598743352 
25.3152327965 21.6632589756 20.9599509982 
19.0832814552 26.4974341174 22.0684452248 
19.0830170472 26.4976386309 22.0684643266 
11.9850857932 31.1363425065 22.228880288 
11.9848240826 31.1365627651 22.2287953693 
4.10616859339 34.6730389918 21.0470386762 
4.10596963205 34.6732372977 21.0468449829 
25.4529207202 23.8033002812 19.0242860129 
25.4526983866 23.8034766102 19.0243352085 
19.2274145359 29.2428321918 19.1896521968 
19.2271516826 29.2430623906 19.1896199345 
12.1028136826 34.402840531 18.2263589051 
12.1025697808 34.4030606518 18.2262050458 
4.15970232016 38.3095548765 15.9114506439 
4.15955309785 38.3097178067 15.9111987459 
25.5844754669 25.7560665719 16.8613307298 
25.584252035 25.7562597438 16.8613444306 
19.3356337813 31.5602408069 15.9131003556 
19.3353733888 31.5604841784 15.9130107681 
12.1884039604 36.9711698483 13.6795469949 
12.1881839171 36.9713764157 13.6793326882 
4.20129829659 40.965557529 10.1012881609 
4.2012067194 40.9656787351 10.1010096333 
49.8372410684 3.64525757442 2.23928858685 
49.837218691 3.64535910972 2.23933480987 
46.5559564296 10.5346323969 6.47143658927 
46.5559290631 10.5346968374 6.47142742488 
40.7105785155 16.598175289 10.1962653727 
40.7105860139 16.598210759 10.1962093576 
32.9906160234 21.9793039014 13.5018782077 
32.9906814191 21.9793151812 13.5017838485 
49.840219324 3.82282204176 1.921630402 
49.8402000824 3.82291188701 1.92165990014 
46.568125933 11.0522880777 5.55566697804 
46.5681245831 11.0523067785 5.5556292577 
40.7094199876 17.4036432792 8.74827468547 
40.7094925667 17.4036044754 8.74818381751 
32.9403769519 22.9757648222 11.5491612277 
32.9405522562 22.9756783596 11.5490345668 
49.8359809917 3.97163171656 1.5895382492 
49.8359651087 3.97170761537 1.58955334443 
46.5271948198 11.4641723403 4.58818885386 
46.5272231053 11.4641426522 4.58813226909 
40.5975816897 17.9824581356 7.19687904945 
40.5977222408 17.9823513521 7.19677551479 
32.7421221577 23.5798416379 9.43697048728 
32.7423932713 23.5796844844 9.43685175219 
49.8367239278 4.09246768732 1.24630456039 
49.8367121258 4.09252786941 1.24630789653 
46.5153608907 11.8065773428 3.59548094867 
46.5154216449 11.8064992764 3.5954154577 
40.5261363742 18.4619289367 5.62217164773 
40.5263411841 18.461766481 5.62207474687 
32.5622601484 24.0197150843 7.31457214125 
32.5625962632 24.0195229882 7.31448967839 
49.8493821576 4.18567283987 0.894457128317 
49.8493724821 4.18572474434 0.894453486348 
46.5811547537 12.1037451264 2.58646083081 
46.5812293018 12.1036396532 2.586398532 
40.5887055803 18.9330047467 4.04573624211 
40.5889365877 18.9328142904 4.04565566487 
32.5121852608 24.4753422306 5.22996378308 
32.5125402826 24.4751472411 5.22991421876 
49.8515044255 4.24690016031 0.535561084122 
49.8514941619 4.24695196346 0.535553096236 
46.5842406555 12.2813922247 1.54872753908 
46.5843116343 12.2812815323 1.54867431516 
40.5611808922 19.181522115 2.41880548624 
40.5614095229 19.1813259245 2.41874111274 
32.4154307542 24.675819391 3.11157246325 
32.4157883948 24.6756289809 3.11153986737 
49.8422331923 4.2754814258 0.172651847568 
49.842222252 4.27553272287 0.172639509227 
46.5199928804 12.3343313805 0.498062898844 
46.5200620952 12.3342176088 0.498019355909 
40.4389672241 19.1976056823 0.775171897378 
40.4391942758 19.1974074875 0.775124410936 
32.2744186182 24.6219154187 0.994157423757 
32.2747754185 24.621726912 0.994140531513 
49.8256517888 4.27188175983 -0.191184560345 
49.825640169 4.27193216762 -0.191201216173 
46.4155066385 12.276252602 -0.549420313741 
46.4155754897 12.2761375692 -0.549454012637 
40.2696652726 19.0270748535 -0.851561908052 
40.2698912111 19.0268773365 -0.851592584301 
32.1348216685 24.389492019 -1.09157167525 
32.1351748541 24.3893021906 -1.09157320204 
49.8048823974 4.21519052538 -0.698292682509 
49.8048681977 4.21524512175 -0.698327950135 
46.2901356706 12.0570429881 -1.99738181242 
46.2901900695 12.0569416389 -1.99743774958 
40.0827930825 18.6071593599 -3.08248064828 
40.0829921929 18.6069740289 -3.0825331046 
32.015456624 23.8923544438 -3.9580313572 
32.0157897206 23.8921605904 -3.9580443681 
49.7791898928 4.05431413437 -1.33446101434 
49.7791710167 4.05437846522 -1.33450911318 
46.1318133002 11.5278754853 -3.79435334894 
46.1318378758 11.5278077756 -3.79440876931 
39.8349829389 17.6803519889 -5.81941597695 
39.835121705 17.6802011606 -5.81947024307 
31.8250595658 22.7053787764 -7.47338311458 
31.8253276843 22.705193957 -7.47341704349 
49.7541001068 3.79822152527 -1.93790068714 
49.7540765058 3.79829238634 -1.93796514814 
45.9765415167 10.7358820604 -5.47758288541 
45.9765357683 10.7358458924 -5.47764767618 
39.5885569207 16.3594728048 -8.34681004747 
39.5886287652 16.3593608671 -8.3468749128 
31.6243554724 20.9950850712 -10.7119580876 
31.6245295443 20.9949263317 -10.7120152916 
49.7361797189 3.4540297789 -2.49513637974 
49.7361516826 3.45410320013 -2.49522000845 
45.8675657645 9.72217534997 -7.02314541529 
45.867530129 9.72216590795 -7.02322855686 
39.4207386129 14.7500397864 -10.6551950127 
39.4207415869 14.7499665094 -10.6552801394 
31.4972357836 18.9336777005 -13.6773887479 
31.4973008024 18.9335591888 -13.677476817 
49.7280284255 3.0300124621 -2.99387132021 
49.7279979361 3.03007817235 -2.99397077024 
45.8218250549 8.51381272341 -8.4122623445 
45.8217729096 8.51380675958 -8.41235720316 
39.3619046009 12.9010578036 -12.7471775914 
39.361869906 12.9009939328 -12.7472704502 
31.479206584 16.5932420183 -16.3953224646 
31.4792106884 16.5931361144 -16.3954195425 
49.7144820311 2.53420905332 -3.42088329289 
49.7144505725 2.53425895814 -3.42099186639 
45.7401890681 7.09815679851 -9.58167439681 
45.7401342481 7.09813672972 -9.58176711703 
39.2377347456 10.7206631002 -14.4716306021 
39.2376956118 10.7205860942 -14.4717115662 
31.387067586 13.7933007475 -18.6193289852 
31.3870651782 13.7931807163 -18.6194064427 
49.703232577 1.97932009928 -3.76705343269 
49.7032007022 1.97935299616 -3.76716872263 
45.6700328874 5.52869065158 -10.522235946 
45.6699783019 5.52865770115 -10.52232589 
39.1234489568 8.32273839547 -15.8398837325 
39.12341011 8.3226525674 -15.8399552652 
31.2836687126 10.6967278666 -20.3580741908 
31.2836642111 10.6966007827 -20.3581365035 
49.7061286471 1.37899554363 -4.02628316681 
49.7060975316 1.37901062165 -4.02640277493 
45.6849343202 3.85403027717 -11.2526957038 
45.6848834908 3.85398526497 -11.2527832978 
39.1383436536 5.80273237025 -16.9423634266 
39.138309842 5.80263965989 -16.942429842 
31.2767263748 7.44775849773 -21.745381853 
31.2767240503 7.44762750184 -21.745435756 
49.7285753127 0.422147456461 -4.23872896421 
49.7285452568 0.422110598138 -4.23885283421 
45.8189489713 1.18598115725 -11.9082860866 
45.8188980045 1.18584674743 -11.9083730733 
39.3383378873 1.79498940651 -18.0232605251 
39.33830022 1.79477406977 -18.0233216079 
31.4167311124 2.30134371325 -23.1074997721 
31.4167204512 2.30106119865 -23.1075435397 
49.7384897411 -0.881443530502 -4.16922355717 
49.7384589846 -0.881516471546 -4.169332375 
45.8734546153 -2.4814607833 -11.737297281 
45.873395481 -2.48161545432 -11.7373423877 
39.4045859113 -3.7603696835 -17.7865300789 
39.404531233 -3.76059282538 -17.7865219298 
31.4264861831 -4.80670276582 -22.7356804038 
31.4264534446 -4.80698384382 -22.7356327613 
49.728015953 -2.10157204234 -3.70508001538 
49.7279833281 -2.10167519571 -3.70516313419 
45.8011366628 -5.89952119441 -10.4008797402 
45.8010678116 -5.89968189526 -10.4008777524 
39.2665261391 -8.90012595379 -15.6909580739 
39.2664539776 -8.90033216309 -15.6908818797 
31.2593812919 -11.3258963033 -19.9676010169 
31.2593271291 -11.326143677 -19.9674694779 
49.6952305554 -3.12068385786 -2.89104982671 
49.6951947436 -3.12080815974 -2.89109882419 
45.5934752247 -8.68896764507 -8.04959411101 
45.5933949393 -8.68911851901 -8.04954491942 
38.92003932 -12.9730164847 -12.0184032629 
38.9199495408 -12.9731827197 -12.0182694106 
30.9288325713 -16.4263683973 -15.2176419245 
30.9287585228 -16.426556047 -15.2174458286 
49.6413869137 -3.84128457015 -1.80654781203 
49.6413476002 -3.84141721587 -1.80655669267 
45.2606101487 -10.5534814847 -4.96327948043 
45.2605229352 -10.5536050206 -4.96318684411 
38.385067506 -15.4999953861 -7.28961425268 
38.3849709333 -15.5001023614 -7.28943872475 
30.4484914035 -19.507619929 -9.17439139356 
30.4484113929 -19.5077253812 -9.17415250055 
49.5875055335 -4.19888114967 -0.55745351731 
49.5874639581 -4.19900802496 -0.557421530358 
44.9196366093 -11.3742678462 -1.51007503944 
44.9195504133 -11.3743506861 -1.50995002031 
37.8113049002 -16.3768925344 -2.1742354738 
37.8112156065 -16.3769326338 -2.17404078307 
29.8629612165 -20.3343559811 -2.6996377987 
29.8628914424 -20.3343707998 -2.69938777267 
49.5454882146 -4.16352517584 0.738825634497 
49.5454454266 -4.16363442956 0.738894197301 
44.6454596976 -11.147319815 1.97811356662 
44.6453777749 -11.1473567485 1.97825584468 
37.327101818 -15.750948075 2.79503634876 
37.3270243194 -15.7509262194 2.7952284869 
29.3146906505 -19.2038634795 3.40776289822 
29.3146360842 -19.2038022963 3.40799432615 
49.5245379732 -3.74121723591 1.9631418961 
49.524495499 -3.74129912383 1.96323960467 
44.4969924777 -9.95151752731 5.22189430759 
44.4969185357 -9.95150838963 5.22203995709 
37.0358387656 -13.8819253891 7.284310857 
37.0357774874 -13.8818516727 7.28448676291 
28.9312515176 -16.627761118 8.72514276255 
28.931216649 -16.6276447926 8.72534192716 
49.5294378125 -3.19381081159 2.7671755732 
49.5293959714 -3.19388466879 2.76727161209 
44.5063102792 -8.49770488458 7.36256552815 
44.5062386502 -8.49770906393 7.36265716943 
36.9955128841 -11.814689131 10.2364607978 
36.9954547176 -11.8146458444 10.2365484119 
28.7874475334 -13.9826288884 12.1148030962 
28.7874147841 -13.9825575772 12.1148913161 
49.5407383295 -2.73341729785 3.22527411927 
49.5406962517 -2.73347752101 3.22538252505 
44.5593011921 -7.28863089091 8.60016236667 
44.559224046 -7.28862577283 8.6002586563 
37.0363151346 -10.1361652121 11.960087965 
37.0362445904 -10.1361147493 11.9601737237 
28.7435022732 -11.9064619026 14.0489355419 
28.7434512743 -11.9063866542 14.0490199602 
49.5578225663 -2.20855163473 3.60844493936 
49.5577807499 -2.20859618542 3.60856384395 
44.6528490785 -5.91234037317 9.65988495077 
44.6527678776 -5.91232497948 9.65998598942 
37.1544808618 -8.25222496676 13.4829084145 
37.1543995206 -8.25216759252 13.4829940334 
28.7958677068 -9.66658356843 15.7937600416 
28.7957993203 -9.66650402936 15.7938432602 
49.5842771871 -1.63139555777 3.90835663705 
49.5842363587 -1.63142266018 3.90848389475 
44.8094418743 -4.39625523286 10.5321687531 
44.809358496 -4.39622829247 10.5322748703 
37.3865190578 -6.18703615924 14.8223670964 
37.3864288051 -6.18697123433 14.8224551461 
28.9772493882 -7.26720216167 17.4101355531 
28.9771645821 -7.2671168738 17.4102209009 
49.625371393 -1.01504504022 4.11893848384 
49.6253336358 -1.01505252132 4.11906931966 
45.064066809 -2.76459588467 11.2183924828 
45.0639913 -2.76455383614 11.2184997874 
37.7944753298 -3.94867062284 16.0231855521 
37.7943944896 -3.94859408366 16.0232774427 
29.3520340544 -4.68351723411 19.005051743 
29.3519572415 -4.68342119019 19.0051452006 
49.6867424991 -0.372952189455 4.23621062391 
49.6867095103 -0.372939282314 4.23633972284 
45.4595850122 -1.03237449188 11.7260978875 
45.4595237849 -1.03231481937 11.7261992418 
38.4686890008 -1.50991022318 17.1498071859 
38.468630089 -1.50981591859 17.1498955803 
30.0355148723 -1.8263561399 20.743663142 
30.0354654703 -1.82623913934 20.7437568294 
49.753296568 0.281186715132 4.2546113204 
49.753267874 0.281219294526 4.25473548003 
45.9008157696 0.792081534019 11.9854123615 
45.9007645913 0.792157907632 11.9855022995 
39.2536256919 1.18865872527 17.9869809392 
39.2535813438 1.18877134379 17.9870532956 
30.8747599707 1.47034558102 22.2504353578 
30.8747308366 1.47048580123 22.2505083904 
49.807232071 0.93167131477 4.17023199972 
49.8072061777 0.931722269464 4.17034794547 
46.2673633061 2.66197465597 11.9154157664 
46.2673159795 2.66206443669 11.9154876207 
39.9302343831 4.07901290824 18.2586286786 
39.930194695 4.0791375776 18.2586699419 
31.6307197619 5.14111163771 23.0132472764 
31.6307010264 5.14126547321 23.0132753108 
49.8338745188 1.42346870189 4.03375446275 
49.8338500404 1.42352156964 4.03386338187 
46.4540507015 4.09615460985 11.6076194301 
46.4540065856 4.09621842088 11.6076783167 
40.2907736589 6.34491416596 17.9803381533 
40.2907423278 6.34498890848 17.9803568358 
32.0594700147 8.08298894105 22.9060061158 
32.0594720211 8.08307500264 22.9060016519 
49.8428514491 1.76174451321 3.89957719493 
49.8428281784 1.7618040973 3.89967578647 
46.5236623015 5.0831057847 11.2514086593 
46.5236261066 5.0831676596 11.2514454884 
40.4441914658 7.91234707892 17.5140359621 
40.4441815347 7.91241252489 17.5140221163 
32.2770691583 10.1469911923 22.4605996913 
32.2771124278 10.1470630846 22.4605561792 
49.8399264391 2.08652640416 3.73531992161 
49.8399038877 2.08659125066 3.73540771895 
46.5163941427 6.01901219811 10.7753357612 
46.5163661344 6.01906847339 10.7753511928 
40.4675075725 9.38334469336 16.798284318 
40.4675204975 9.38339543583 16.7982410276 
32.3758847291 12.0975097071 21.6573295831 
32.3759702281 12.0975607224 21.6572525576 
49.828504012 2.39533238395 3.54288584211 
49.8284819472 2.39540103921 3.54296261494 
46.4571756745 6.89524735313 10.1986275911 
46.4571567207 6.89529484184 10.1986232759 
40.4114381012 10.7460678456 15.8943207167 
40.4114754592 10.7460998285 15.8942526149 
32.4208493511 13.935179742 20.6113044885 
32.420976588 13.9352046148 20.6112001569 
49.8134702159 2.6861496843 3.32452709508 
49.8134477053 2.68622418417 3.32459722362 
46.3786203668 7.71059868001 9.54306246625 
46.3786027936 7.71064468956 9.54305316876 
40.3340161381 12.0099390219 14.8641633495 
40.3340563072 12.009964025 14.8640919802 
32.4712359432 15.6877016499 19.4159653498 
32.4713646858 15.6877134385 19.4158543313 
49.8059398422 2.95807467073 3.08330493651 
49.8059162686 2.95815823443 3.08337210288 
46.3426348395 8.48034966234 8.83936576584 
46.3426102514 8.48040477388 8.8393634519 
40.3109472071 13.2139026916 13.773314042 
40.3109682164 13.2139370525 13.7732562755 
32.5334797298 17.3506397735 18.0851801324 
32.5335728119 17.3506594631 18.0850819109 
49.8078599572 3.20964410529 2.82098216038 
49.8078357608 3.20973681127 2.82104536189 
46.3618099035 9.20857739188 8.09349313905 
46.361778738 9.20864322738 8.09349625563 
40.3645167447 14.3763252895 12.6354685576 
40.3645193866 14.3763720107 12.6354228977 
32.6306022193 18.9424350096 16.6486593165 
32.6306612236 18.9424681511 16.6485756623 
49.8195837103 3.43936434062 2.53919440067 
49.8195594148 3.43946618065 2.53925260754 
46.4408040074 9.89708195994 7.30676154278 
46.4407670254 9.89716016335 7.30676845358 
40.5100372893 15.5134213735 11.4531607546 
40.5100224562 15.5134835216 11.4531253346 
32.7926577899 20.4980983763 15.133219824 
32.7926838207 20.4981500584 15.1331503434 
-3.05526503447 12.8717608241 -0.308959398467 
-3.05537757597 12.8717626776 -0.309058056722 
-9.017481754 11.6418322295 -1.40366267436 
-9.01757490466 11.641832998 -1.40375648179 
-14.7767783361 10.9311367712 -2.39836659764 
-14.7768525333 10.9311356616 -2.39846021038 
-20.3889360017 10.8567007216 -3.50138820147 
-20.3889919945 10.8566882754 -3.50148515865 
-3.06046980464 13.689951541 -2.63007478116 
-3.06056360023 13.6899557979 -2.63018536924 
-9.02578201271 12.1734305109 -3.6927697736 
-9.02584490202 12.1734389573 -3.69287650938 
-14.781386105 11.1012958625 -4.68366384952 
-14.7814190792 11.1012998323 -4.68376796531 
-20.3591107427 10.4799460929 -5.77927627101 
-20.3591141361 10.4799314639 -5.7793736163 
-3.0799279489 14.4396937995 -5.36290324055 
-3.08000265557 14.4396959093 -5.36303041337 
-9.08974817245 12.7291468168 -6.45088262856 
-9.08978020225 12.7291591685 -6.4510084555 
-14.8934150693 11.3126551488 -7.45224154712 
-14.8934069834 11.3126655689 -7.45236215735 
-20.4949427565 10.1214167787 -8.4553169516 
-20.4948971309 10.1214135575 -8.45542249648 
-3.1130500928 14.8930571251 -8.55524282374 
-3.11310517375 14.8930498504 -8.55538784151 
-9.22056626284 13.0892034514 -9.81872400902 
-9.22056672979 13.0892123361 -9.81887081841 
-15.1541447761 11.3705780166 -10.9325998569 
-15.1540960726 11.3705919707 -10.9327393145 
-20.8957115187 9.6616454642 -11.8780589791 
-20.8956207347 9.66165879873 -11.8781792724 
-3.16023218121 14.8513616569 -12.1881975267 
-3.16028818748 14.8513345168 -12.1883640483 
-9.4232701655 12.9309962669 -13.806284201 
-9.4232724766 12.9309721263 -13.8064478293 
-15.5861842433 10.8666330678 -15.1643688836 
-15.5861367988 10.8666102659 -15.1645194551 
-21.6300269586 8.64278431244 -16.16951216 
-21.6299357954 8.64276675716 -16.169641622 
-3.22429536268 14.1686980768 -16.2275846162 
-3.22437324997 14.1686256715 -16.2277629331 
-9.63145303836 11.6473441414 -17.849960164 
-9.63149132288 11.6472547539 -17.8501197824 
-15.9580679549 8.92458407011 -19.0303266427 
-15.958065859 8.92448363735 -19.0304597065 
-22.1880268462 6.0618348339 -19.6737534154 
-22.1879851069 6.06173345101 -19.6738578717 
-3.28566883643 12.415310197 -20.1610822902 
-3.28576761798 12.4151739489 -20.161238378 
-9.78004668398 9.08135824331 -21.2652303264 
-9.78011848603 9.08120002995 -21.2653486862 
-16.137578339 5.6632206268 -21.7026136201 
-16.1376197114 5.66305067288 -21.7026878233 
-22.3532211397 2.30790117063 -21.5067586462 
-22.3532300474 2.30773187736 -21.5067912885 
-3.31466522354 9.41631291471 -23.1605862869 
-3.31478256921 9.41611477441 -23.1606787458 
-9.80378106299 5.43896942058 -23.3264676761 
-9.80388151413 5.43875853717 -23.3265042069 
-16.0439308577 1.62865121056 -22.5826812191 
-16.0440096684 1.6284430734 -22.5826598072 
-22.0621978814 -1.81547496454 -21.2857270555 
-22.0622534369 -1.81566804372 -21.2856596702 
-3.20717885293 6.1223635042 -24.329216826 
-3.2073186415 6.12217791526 -24.3292371629 
-9.44206319682 2.06533091594 -23.6068403929 
-9.44213662217 2.06517369238 -23.6068161797 
-15.3254622808 -1.56917116839 -21.7579381297 
-15.3254656867 -1.56928494458 -21.7578887354 
-20.9355408709 -4.62363840176 -19.6358902394 
-20.9354771888 -4.62370785096 -19.6358359062 
-3.00747068346 3.30736248566 -24.7052955311 
-3.0076275639 3.3071743234 -24.7053057516 
-8.86534891853 -0.515444203351 -23.622473401 
-8.86545199673 -0.515608869632 -23.6224329254 
-14.3351776775 -3.77343537867 -21.1305383772 
-14.3352230993 -3.77356064956 -21.1304810345 
-19.5069818909 -6.37209890279 -18.5059189474 
-19.5069724018 -6.37218779217 -18.5058643716 
-2.81771913149 0.490932331558 -24.9997651055 
-2.81788825771 0.490744256124 -24.9997800639 
-8.33831340985 -3.13153652627 -23.7863814495 
-8.33844037289 -3.13170503603 -23.7863267154 
-13.4682313882 -6.03512521526 -20.8749915623 
-13.4683110055 -6.03525763841 -20.8749186156 
-18.2766131308 -8.21051983396 -17.809994304 
-18.2766488032 -8.21062290834 -17.8099309619 
-2.64769128982 -2.40268784237 -25.5367059958 
-2.64786821494 -2.4028792573 -25.5367244743 
-7.85792305755 -5.90508580191 -24.1320938707 
-7.85806806773 -5.90525524443 -24.1320244509 
-12.6945172184 -8.50291296449 -20.9139661339 
-12.6946237853 -8.50304697939 -20.9138722008 
-17.1904977881 -10.2830882286 -17.4572196386 
-17.1905695188 -10.2831973956 -17.4571374713 
-2.56617323707 -5.52644530265 -26.2816911806 
-2.56635456085 -5.52663793403 -26.2816758651 
-7.61498908315 -8.90359737817 -24.4624327488 
-7.61514807515 -8.90375964976 -24.4623344351 
-12.3072636787 -11.2111471353 -20.9745810352 
-12.3073946557 -11.2112712822 -20.9744592812 
-16.6340824624 -12.5916239732 -17.1728082577 
-16.6341885603 -12.5917212751 -17.1726980568 
-2.51880752764 -8.51703435951 -25.6404978138 
-2.51898588809 -8.51721836543 -25.6404542233 
-7.50964714685 -11.7352041604 -23.7966399789 
-7.50980144497 -11.7353523992 -23.7965199312 
-12.1807309571 -13.7644934417 -20.3109763478 
-12.1808543038 -13.7646026818 -20.3108375066 
-16.4802475561 -14.7900953805 -16.4260650252 
-16.4803426348 -14.7901799411 -16.4259434023 
-2.44709409684 -11.1314715624 -24.0081272654 
-2.44726850915 -11.1316483504 -24.0080803992 
-7.3480953828 -14.2392020618 -22.3510701063 
-7.34824502739 -14.2393365087 -22.3509419903 
-11.9811886328 -16.0325359384 -19.0223963138 
-11.9813046617 -16.0326301605 -19.0222493603 
-16.2780578638 -16.8233614299 -15.2812656094 
-16.2781433391 -16.8234370907 -15.2811409792 
-2.37596533136 -13.4813241651 -22.1076399141 
-2.37613601979 -13.481499686 -22.1075975996 
-7.16960978136 -16.4604882234 -20.5093432667 
-7.16975476282 -16.4606100648 -20.5092118165 
-11.7354747091 -17.9879073628 -17.2950392823 
-11.7355834382 -17.9879869137 -17.2948891895 
-16.0386558158 -18.658934334 -13.8068851087 
-16.0387326485 -18.6590052302 -13.8067624608 
-2.29372827453 -16.9475311714 -19.4102164242 
-2.29388679868 -16.9477367772 -19.4101083452 
-6.91729689899 -19.4582963423 -17.4436113555 
-6.91742484784 -19.4584362577 -17.4434064102 
-11.3360328451 -20.4099162918 -14.224919394 
-11.3361212984 -20.4100163428 -14.224697693 
-15.5953753428 -20.8601127133 -11.0332102419 
-15.5954299181 -20.8602115148 -11.0330123132 
-2.17421222313 -20.4579463453 -14.7954837561 
-2.17434923072 -20.4580978546 -14.7953101845 
-6.54031099352 -22.1678741366 -12.4782146677 
-6.54041765536 -22.1679550348 -12.4779838923 
-10.7618255013 -22.5616348927 -9.51880888874 
-10.7618974485 -22.5616874444 -9.51857883207 
-14.9046946853 -22.7280342661 -6.67844963391 
-14.904735889 -22.7280882013 -6.67823890341 
-2.04833748306 -22.512466504 -9.49806462539 
-2.04845223698 -22.5125486628 -9.49785211431 
-6.1482635157 -23.4229512809 -7.10527459126 
-6.148350309 -23.4229807714 -7.10504123107 
-10.1703347191 -23.4952404937 -4.51383916979 
-10.1703915325 -23.4952514791 -4.51361330698 
-14.1562741466 -23.4151035989 -1.9970910208 
-14.1563020308 -23.4151086837 -1.99687944653 
-1.9256142493 -23.2875950881 -4.0538661308 
-1.92570751686 -23.2876187556 -4.05364296614 
-5.77794843401 -23.5956860443 -1.80523292239 
-5.77801734083 -23.5956793241 -1.80500833649 
-9.59492570327 -23.4066597573 0.459647760801 
-9.59496855772 -23.4066352805 0.459863069313 
-13.3803178739 -22.9832067469 2.66941083333 
-13.3803333699 -22.9831651557 2.66961120696 
-1.91100563926 -23.0212378702 1.25686028742 
-1.91110067647 -23.0212169049 1.25707497838 
-5.74508791024 -23.0010126778 3.28376887186 
-5.74517870449 -23.0009644969 3.28397884981 
-9.54110417888 -22.3939566947 5.22153835534 
-9.54118921699 -22.3938823361 5.22173446977 
-13.2697723399 -21.4224059498 7.01226890611 
-13.2698500992 -21.4223076674 7.01244436507 
-1.99284469998 -21.4562744076 6.2031786846 
-1.9929505969 -21.4562138292 6.20336941761 
-5.99971076315 -21.1855615572 7.97368075179 
-5.99981954818 -21.1854708602 7.97385806882 
-9.94878141504 -20.1878772896 9.46743644754 
-9.94889063864 -20.1877628207 9.46759255765 
-13.7920979228 -18.8032270201 10.6925744627 
-13.7922063575 -18.8030976173 10.6927070396 
-2.07134958726 -18.8179457367 10.4846914177 
-2.0714665221 -18.8178598391 10.4848533661 
-6.24498639875 -18.4013582708 12.0071389784 
-6.24511329717 -18.4012461859 12.0072770842 
-10.3479251503 -17.2196922622 13.0349659628 
-10.3480579038 -17.2195651237 13.0350755957 
-14.3167863716 -15.6753584868 13.686536037 
-14.3169225892 -15.6752275611 13.6866194396 
-2.15052127526 -15.4468826445 13.9695770865 
-2.15064954485 -15.4467830572 13.9697117789 
-6.49816194912 -15.0032255065 15.3341682628 
-6.49830719087 -15.003112142 15.3342727708 
-10.7829108928 -13.8769827709 16.0341587202 
-10.7830659741 -13.8768662412 16.0342293396 
-14.9095624764 -12.3796115092 16.2065103601 
-14.9097206072 -12.3794997872 16.2065479306 
-2.21029856131 -12.5543372006 15.9967600741 
-2.21043983234 -12.5542846584 15.9968418368 
-6.69841019749 -12.1655309648 17.3741787985 
-6.69856767625 -12.1654660418 17.3742375983 
-11.1565726559 -11.2244561147 18.0503937273 
-11.1567379452 -11.2243823982 18.0504220766 
-15.4370377404 -9.86031443786 17.9729799239 
-15.437200872 -9.86023589241 17.9729723282 
-2.25211407533 -10.5343949742 17.1066852606 
-2.25227092404 -10.5343457406 17.1067602795 
-6.81862402461 -10.0535491113 18.3252002236 
-6.8187916783 -10.0534861152 18.3252447092 
-11.3489798867 -9.12520597631 18.8135072624 
-11.3491504146 -9.12513453853 18.8135172605 
-15.6935653583 -7.86393005155 18.5262582168 
-15.6937306324 -7.86385643671 18.5262341438 
-2.29693876164 -8.47542914533 18.0725716522 
-2.29710900355 -8.47538009507 18.0726309461 
-6.92850986145 -7.83969870757 18.9267069449 
-6.92868542828 -7.83963782724 18.9267305475 
-11.4926620551 -6.88526033589 19.0462834908 
-11.4928364019 -6.88519519716 19.0462757361 
-15.8738879859 -5.75730070677 18.5415384056 
-15.874056213 -5.75723789362 18.5415071321 
-2.3409863659 -6.32671997792 18.7723684263 
-2.34116732087 -6.32667272471 18.7724051814 
-7.03112257461 -5.59646782593 19.2006112735 
-7.03130446127 -5.59641353458 19.2006155621 
-11.6304297847 -4.6933321122 19.0004233626 
-11.6306080649 -4.69327746769 19.0004052132 
-16.0627287916 -3.74041575578 18.3847308016 
-16.0629012237 -3.74036517214 18.3847004381 
-2.42565316338 -4.10648390926 19.1139853192 
-2.4258342361 -4.10642492143 19.1140015218 
-7.2597125782 -3.38060328945 19.1720482405 
-7.25989610526 -3.38054242915 19.1720385634 
-11.9924472165 -2.59834667977 18.7852531765 
-11.9926291906 -2.59828783947 18.7852244226 
-16.5671807231 -1.82517805595 18.1257601015 
-16.5673590269 -1.82512385002 18.1257207431 
-2.55622305856 -1.89951271785 19.2838119764 
-2.55637528168 -1.89943396496 19.2838165165 
-7.61524373827 -1.23845679923 18.8928310354 
-7.61540004459 -1.23838030245 18.8927977722 
-12.4901119794 -0.585750806245 17.8901507098 
-12.4902664992 -0.585681208924 17.8900864563 
-17.1461544482 -2.74140622105e-05 16.7542516426 
-17.1463052857 3.32923009615e-05 16.7541738823 
-2.68761792316 0.29354793525 19.2443451387 
-2.6877169188 0.293635899156 19.2443383046 
-7.9708030511 0.804443257725 18.4305466311 
-7.97090789694 0.804522747626 18.4305018295 
-12.9587391801 1.20373301731 16.6927202794 
-12.9588437955 1.20379876919 16.6926438494 
-17.6383832443 1.50378486909 14.9345092855 
-17.6384856545 1.5038373906 14.9344189414 
-2.81680614279 2.44643336403 18.9050293252 
-2.81683248845 2.44651920462 18.9050082061 
-8.33079498948 2.74557288904 17.8405386089 
-8.33083048935 2.74564891859 17.8405061778 
-13.4704905462 2.79951336081 15.6777932989 
-13.4705327998 2.79957514509 15.6777529313 
-18.2186564617 2.74446039754 13.4897174402 
-18.2187027657 2.74450805683 13.4896690699 
-2.89364765605 4.93587882901 17.9521272771 
-2.89347717473 4.93594070799 17.9520936012 
-8.55928027875 5.11805630916 16.8731714777 
-8.55907311054 5.11801883148 16.8732571327 
-13.8617892043 4.94058500411 14.8742011689 
-13.8617603131 4.94048372525 14.8742642745 
-18.727329376 4.58435244623 12.6815765805 
-18.7274796306 4.58428844576 12.6815330088 
-2.9004444338 7.30603538116 15.7584122715 
-2.90029821503 7.30608724778 15.7583483198 
-8.58585785995 7.44052985759 14.6825303925 
-8.5856363394 7.4405391136 14.6825785884 
-13.960653962 7.18070659772 13.0215426443 
-13.9604973652 7.18066989905 13.0216577366 
-18.9037681635 6.63123363587 11.0910423684 
-18.9037547959 6.63116498548 11.0911222484 
-2.89506580073 8.86208393565 12.9553205231 
-2.8949481067 8.86212057612 12.9552401697 
-8.57583689092 8.91897064836 11.8900419281 
-8.57564362368 8.91899548944 11.8900259304 
-13.9990581977 8.67264296355 10.5677958837 
-13.9988483042 8.67266000143 10.5678523248 
-19.0253682354 8.08678322923 9.02082459811 
-19.0251980117 8.08678706101 9.02092346139 
-2.8945428377 9.76768541731 10.1592086548 
-2.89445644086 9.7677116272 10.1591269574 
-8.57976554878 9.73464427567 9.11762636952 
-8.57963919548 9.73466650848 9.11756394773 
-14.0479500489 9.55997991143 8.05745598655 
-14.0477960144 9.56000740571 8.05742276541 
-19.1736569991 9.1145767847 6.89957559335 
-19.1734913501 9.11461687997 6.89957630825 
-2.90985880649 10.4136639159 7.74102963085 
-2.90981229793 10.4136882071 7.74095080865 
-8.62898264967 10.2875564896 6.71284188922 
-8.62892412945 10.287575494 6.71276544265 
-14.1547578215 10.1803801842 5.7891764239 
-14.15468999 10.1804009532 5.78910630602 
-19.4074904863 10.0238331955 4.91606164368 
-19.4074187759 10.0238675268 4.91600312018 
-2.93854410656 10.971749102 5.62063608029 
-2.93854627343 10.9717708604 5.62055523138 
-8.71005536371 10.6714659483 4.55731343716 
-8.71004602621 10.6714794223 4.5572332799 
-14.3000969184 10.5762997781 3.6675653208 
-14.3000773192 10.5763113489 3.6674870119 
-19.6893488989 10.7490489658 2.90535607277 
-19.6893226547 10.7490701738 2.90528041442 
-2.97830913695 11.5328979379 3.6640264011 
-2.97836093703 11.5329153681 3.6639412026 
-8.81786054745 10.9719943609 2.55833393087 
-8.81790181169 10.9720032043 2.55825048754 
-14.4773847002 10.7945329 1.63735121483 
-14.4774159062 10.794539227 1.63726801835 
-19.9925977395 11.1782844714 0.806176651852 
-19.9926214527 11.1782957633 0.806089456321 
-3.02875293219 12.1579250452 1.73575349594 
-3.02885361185 12.1579326449 1.73566178176 
-8.95310223015 11.2726669299 0.615446698822 
-8.95319343674 11.2726686265 0.615358878986 
-14.6878910862 10.8879547573 -0.356430274468 
-14.6879729693 10.8879556916 -0.356518221881 
-20.2983635246 11.2092145323 -1.35150014924 
-20.2984378991 11.2092144008 -1.35159508879 
21.1309786296 16.6454658355 8.77207781454 
21.1309476497 16.6455006978 8.772002422 
15.0861433264 17.346834686 6.39688465247 
15.0860855308 17.34686214 6.39678328123 
8.89821867249 16.2620750753 3.66341192607 
8.89813717321 16.2620918525 3.66329959145 
2.90802968838 14.4133311455 1.29863647984 
2.90792601188 14.4133391035 1.29852403869 
21.0257902492 17.0860826307 7.03087328627 
21.0257415544 17.0861062762 7.03078584623 
15.0861570261 17.9607450564 4.38714123459 
15.0860920718 17.9607622695 4.38703156719 
8.9626078153 17.2243742729 1.53295206886 
8.962528001 17.2243880577 1.53283113191 
2.94051739049 15.5229499757 -0.964303263572 
2.94042185924 15.5229571362 -0.964428526204 
20.8784057845 17.2117280619 5.24410505657 
20.8783427677 17.211747173 5.2440093616 
15.0696497992 18.2595252223 2.31019260436 
15.0695787348 18.2595351425 2.31007609165 
9.03125105219 17.9199366046 -0.789782514197 
9.03117276963 17.9199433108 -0.789913350696 
2.98115135829 16.4390940471 -3.57163620939 
2.98106405618 16.439093048 -3.57177648145 
20.7501540215 17.2104214269 3.50871218798 
20.7500793191 17.210442023 3.50860873327 
15.0479333771 18.2931821264 0.221920357199 
15.0478568299 18.2931859828 0.221796866979 
9.09399953593 18.2225407545 -3.25675075142 
9.0939225033 18.2225342755 -3.25689056578 
3.02542862191 16.923540419 -6.48312241298 
3.02534974706 16.9235225257 -6.48327545448 
20.7169419488 17.3533619896 1.85490077942 
20.7168706577 17.3533958051 1.85479287337 
15.0642648172 18.2829702338 -1.86375334401 
15.0641920989 18.2829904641 -1.86388586019 
9.16428928347 18.2279800079 -5.83213993088 
9.16421445326 18.2279831589 -5.83229708583 
3.07413246098 16.9207270407 -9.63737264497 
3.07405388269 16.9207032396 -9.63754913818 
20.8901316787 18.0304204942 0.213814971123 
20.8900753228 18.030469646 0.213701145173 
15.2752413024 18.9794939725 -4.15073880606 
15.2751779845 18.9795343009 -4.15089152045 
9.35472400006 18.7642964031 -8.89055793033 
9.3546494094 18.7643056993 -8.89074871748 
3.15556099391 16.9226432227 -13.3969681964 
3.15547262943 16.9225954753 -13.3971773859 
21.1895658244 18.9374698887 -1.5710370041 
21.1895206881 18.9375200577 -1.57116081224 
15.6039716116 19.8605149883 -6.78106679611 
15.6039126061 19.8605454218 -6.78124110536 
9.60854736262 19.1270942286 -12.4027820337 
9.60846845644 19.1270683499 -12.4029953816 
3.2492466443 16.2377358588 -17.4557525501 
3.24914635162 16.2376255929 -17.4559666882 
21.4968583642 19.6498128781 -3.52285625325 
21.4968192647 19.6498451248 -3.5229866521 
15.9103011247 20.2109703485 -9.58271080401 
15.9102398264 20.2109589976 -9.58289183546 
9.8103713498 18.4783584539 -15.8212810351 
9.81028294598 18.478263016 -15.8214825937 
3.31455597477 14.247227651 -20.9432730492 
3.31444258995 14.2470359178 -20.9434449334 
21.6665315582 19.5697964386 -6.03710896876 
21.6664817301 19.5697767095 -6.03728334786 
16.0248832106 19.2618931404 -12.3284886355 
16.0247943544 19.2618034124 -12.3286807886 
9.83286838182 16.3577500665 -18.2295101432 
9.8327404123 16.3575755521 -18.229676431 
3.31188392614 11.2461701347 -22.6296896398 
3.3117236326 11.2459308299 -22.6297962493 
21.6107908664 18.3043726538 -8.80284522066 
21.6106885209 18.3043128918 -8.80304328131 
15.9225925013 17.0208781953 -14.5955022863 
15.9224559333 17.0207351353 -14.5956857157 
9.72534495105 13.4034465737 -19.5335021857 
9.72518097761 13.4032357544 -19.5336386465 
3.27744774643 8.18630609764 -23.0824007653 
3.2772625964 8.18605648197 -23.0824858599 
21.4047922328 16.2715748049 -11.0675592252 
21.4046471702 16.2714842656 -11.0677602588 
15.7318344563 14.2631701744 -16.1815041209 
15.7316624582 14.2630025582 -16.1816731004 
9.60438261823 10.3388203824 -20.2808218794 
9.60419251027 10.3386033362 -20.2809457139 
3.25006328656 5.21652808731 -23.2822243148 
3.24985797079 5.21628135463 -23.2823131206 
21.1411992515 13.8380225031 -12.7969862056 
21.1410245247 13.8379179784 -12.7971797986 
15.5794782289 11.4909302589 -17.4253593965 
15.5792838327 11.4907629791 -17.4255274582 
9.5691686925 7.53176293324 -21.1909563315 
9.56896001092 7.5315506477 -21.1910941594 
3.26053415241 2.40658770865 -23.9818504402 
3.26031067785 2.40633716393 -23.9819554558 
20.9669308041 11.4319111525 -14.2697563899 
20.9667493375 11.4318143626 -14.2699564855 
15.5770742046 8.95175349135 -18.8437277511 
15.5768729618 8.95159228299 -18.8439129449 
9.67168345186 4.88877971815 -22.7632290392 
9.67146326118 4.88855808547 -22.7633736733 
3.31896458834 -0.518318260929 -25.4230561843 
3.31872720153 -0.518585434618 -25.4231350745 
21.1926186785 9.55210498013 -16.4384432293 
21.1924335738 9.55199718499 -16.438652243 
15.735017645 6.46117340242 -20.5949927905 
15.7348051604 6.46098978155 -20.5951515046 
9.71249061842 1.9232093504 -23.5141562145 
9.71225979935 1.92297506083 -23.5142434694 
3.31766278634 -3.56404841139 -25.1480015583 
3.31742088634 -3.56430971457 -25.1480227583 
21.6048726736 7.47733815054 -18.8653055629 
21.6046766728 7.47720356524 -18.8655011616 
15.9240185347 3.67305087558 -22.1253116266 
15.9237875227 3.6728447576 -22.1254050558 
9.6793114838 -1.1277816194 -23.3132567197 
9.67907021202 -1.12800964083 -23.3132679258 
3.2737857663 -6.30259604544 -23.5794718859 
3.27354339469 -6.30283590156 -23.5794546166 
21.8711685866 4.77394719915 -20.5439996961 
21.8709594491 4.77379185403 -20.5441573114 
15.9890549419 0.568250006547 -22.7062460686 
15.9888085436 0.568044100601 -22.7062703653 
9.60792743844 -4.04185029045 -22.4303157481 
9.60767983043 -4.0420558539 -22.4302712342 
3.23091687232 -8.71809186436 -21.7271592126 
3.23067515916 -8.71831289294 -21.7271275456 
21.7089764386 0.0983474719057 -20.6074597823 
21.7087616048 0.0981605444271 -20.6075560074 
15.8337534377 -4.03497361026 -21.6553950404 
15.8335099837 -4.03518868637 -21.6553711238 
9.54277782384 -8.12411811757 -20.7486252797 
9.5425361401 -8.12433448094 -20.7485478268 
3.22123158612 -12.3568050125 -19.6139687899 
3.22099579546 -12.3570507665 -19.6138967119 
21.4691265145 -5.7468638513 -19.0289048698 
21.468916711 -5.74706894739 -19.0289324142 
15.7174437138 -9.60866950821 -19.2391506902 
15.7172141905 -9.60887838001 -19.2390835265 
9.53917620276 -13.1663732404 -17.9412722454 
9.53894831483 -13.1665772306 -17.9411560329 
3.22585316923 -16.7566292806 -16.1772738203 
3.22563119743 -16.7568439549 -16.1771358672 
21.2570097674 -10.712991696 -15.9529488283 
21.2568105842 -10.7131957885 -15.9529153881 
15.6506508092 -14.3294424254 -15.6250055145 
15.650437203 -14.3296370546 -15.6248948546 
9.55790547101 -17.4494329336 -14.0477333785 
9.55769288383 -17.4496091251 -14.0475712866 
3.22909798372 -20.1974041308 -11.7529578884 
3.22889316733 -20.1975574779 -11.7527601047 
21.0964523537 -14.528146073 -11.7810697293 
21.0962663386 -14.5283332509 -11.7809797647 
15.5910952296 -17.844522462 -10.9317908236 
15.590897304 -17.8446818317 -10.9316322195 
9.5476857187 -20.3999671331 -9.05932938449 
9.54748995828 -20.4000858211 -9.05912333364 
3.21945912855 -22.1984646685 -6.53270564355 
3.21927563489 -22.1985381504 -6.53247379442 
20.9054223538 -16.770123548 -6.76227368123 
20.9052366316 -16.7702519811 -6.76213629377 
15.4521185148 -19.5390305243 -5.42152196449 
15.4519224803 -19.5391077723 -5.42133082182 
9.45383361995 -21.3049485408 -3.3952207091 
9.45364420084 -21.3049791998 -3.39500174631 
3.18769934653 -22.3528873959 -1.01564951522 
3.18752678347 -22.3528875337 -1.01542224462 
20.2737099915 -15.8400012216 -1.35318067501 
20.2735233601 -15.8400612903 -1.35304547391 
15.0411051866 -18.2590286441 0.151874520003 
15.0409096729 -18.2590396061 0.152044260001 
9.25844081501 -19.8509565323 2.02896697298 
9.25825169061 -19.8509338029 2.02915591585 
3.14219251083 -20.8435236487 4.12535673559 
3.142018364 -20.8434830273 4.12555528663 
19.5733760023 -12.8600911617 2.77934885056 
19.5731964307 -12.8601209484 2.77946111469 
14.5787504418 -15.11645037 4.46648865889 
14.5785626574 -15.116444854 4.46662592733 
9.04766444698 -16.9181255566 6.4017916943 
9.04747914312 -16.9180915815 6.40194891092 
3.09638511052 -18.1872229859 8.47782241698 
3.09621004632 -18.1871651163 8.47799241031 
19.1250726971 -9.69790419104 5.43629971999 
19.1249001033 -9.69793048352 5.43640245913 
14.2614248773 -11.6837956846 7.42773027417 
14.2612445319 -11.6837988589 7.42785671108 
8.89482723943 -13.5240643541 9.68841675334 
8.89464539628 -13.5240365257 9.68856098891 
3.06087843715 -14.8975946769 11.9732920564 
3.0607021232 -14.8975295453 11.9734413844 
19.0253810226 -7.88081749864 7.11637693039 
19.0252051581 -7.8808564357 7.11646211419 
14.16483416 -9.43667198081 9.25191703812 
14.1646495269 -9.43670355554 9.25201993032 
8.83669860314 -10.9943810337 11.7017499868 
8.83650905616 -10.9943921686 11.7018591331 
3.04278042565 -12.1773592696 14.0761460617 
3.04259235829 -12.1773391072 14.0762446543 
19.0045474006 -6.66890823549 8.12495855977 
19.0043624168 -6.66893926938 8.12503458008 
14.1209914292 -7.87915291294 10.2408176092 
14.1207965857 -7.87918647596 10.2409212544 
8.81124800143 -9.23377458131 12.8173051424 
8.81104456084 -9.23379360455 12.8174190078 
3.03629963341 -10.2970073041 15.2861649296 
3.03609266918 -10.2969960058 15.2862641222 
19.0216640179 -5.43365975925 9.10065406406 
19.0214735992 -5.43368511744 9.10071808022 
14.1111620571 -6.34578719573 11.1787670986 
14.1109609342 -6.34582173831 11.1788717393 
8.80950918322 -7.48659240472 13.8900422607 
8.80929564821 -7.4866168994 13.8901611518 
3.03753432771 -8.40224614203 16.4431952402 
3.03731211423 -8.40224117166 16.4432917039 
19.0925132072 -4.15777245866 10.1373030547 
19.0923216537 -4.15779731934 10.1373564608 
14.1536016549 -4.8352126718 12.218680653 
14.1533976572 -4.83524660659 12.2187834289 
8.83721648654 -5.72426664307 15.0069482176 
8.8369961424 -5.72429271561 15.0070663044 
3.04405404728 -6.42935894102 17.5046778127 
3.04382046279 -6.42935803249 17.5047630965 
19.2811796274 -2.82185150593 11.5216253099 
19.2809846795 -2.82186567479 11.5216850862 
14.2818635098 -3.28560261594 13.5833063098 
14.2816589408 -3.2856181001 13.5834125364 
8.89722193258 -3.87043594739 16.2039854563 
8.89700352989 -3.87044046134 16.2040961978 
3.05146276341 -4.3276285156 18.350403877 
3.0512354389 -4.32760997155 18.3504684993 
19.8078760401 -1.28566650414 14.0643312688 
19.8076933422 -1.2856475638 14.0644143739 
14.5433956262 -1.51986809084 15.4841609032 
14.5432090732 -1.51984095043 15.4842554035 
8.96233658552 -1.80394939346 17.1955038463 
8.96214696773 -1.8039106019 17.1955781732 
3.04859138226 -2.08356392602 18.6582964783 
3.04840708457 -2.0835127113 18.6583323598 
20.5181856372 0.969869190535 16.7407523125 
20.5180392224 0.969933066935 16.7408280688 
14.846773616 0.717885121993 17.2298549648 
14.8466298347 0.717952270689 17.2299093902 
9.01568606437 0.45210486223 17.7869823381 
9.01555155066 0.452174530478 17.7870081112 
3.04010533076 0.170237215893 18.5369082699 
3.03998817189 0.170309628554 18.5369157053 
21.0150212561 3.78830360829 18.0478330418 
21.0149245137 3.78839704917 18.0478378668 
15.0360225887 3.2845477139 17.935400292 
15.0359428772 3.28463709658 17.9353938831 
9.04300283944 2.79217608152 17.8285868093 
9.04294442731 2.79226190498 17.8285765851 
3.0330564508 2.36969187049 18.1856225477 
3.03302151919 2.36977575322 18.185610978 
20.9438182362 5.87849575801 17.2335069043 
20.9436090471 5.87851167675 17.2334905399 
14.9978483703 5.46349777749 17.1902412376 
14.9976983621 5.46354680817 17.1902154743 
9.03478714921 5.08218394441 17.2364244679 
9.03471762809 5.08226584075 17.2363942904 
3.02877268394 4.78419520977 17.5786065502 
3.02879437311 4.78429829408 17.5785602126 
20.9529810158 7.49298628844 16.6283208777 
20.9528223874 7.49303501162 16.6283084919 
15.0057393286 7.39557912141 16.4963139897 
15.0056354229 7.39564687039 16.4962861177 
9.00993831525 7.22586584617 16.2006885563 
9.0098985505 7.22594494774 16.2006380776 
3.00354735899 7.09382672726 15.9867681441 
3.00357811563 7.09390735843 15.9866897496 
21.0747236765 9.22677294719 16.1898913019 
21.0746279951 9.22684320504 16.1898747587 
15.0577780329 9.35569225114 15.7797158139 
15.0577230469 9.35576640026 15.7796760086 
8.97061830263 9.11324285769 14.7858079089 
8.9706090968 9.11331158147 14.7857429436 
2.96513065927 8.80669953588 13.7538091327 
2.96517069819 8.80675659025 13.7537206866 
21.1914745222 10.9304140318 15.5516172035 
21.1914461119 10.9304818501 15.5515832958 
15.0889468442 11.1815298828 14.7421506241 
15.0889427087 11.1815965932 14.7420985874 
8.91528153 10.654186866 13.0366663406 
8.91530347908 10.6542430777 13.0365983657 
2.92585922994 9.95530736357 11.3178098946 
2.92590866077 9.95534820485 11.3177280698 
21.2032389587 12.3752936788 14.4776389099 
21.2032400585 12.3753469808 14.4775907794 
15.0538583859 12.659120809 13.2492591437 
15.0538705844 12.6591769975 13.2492006479 
8.85066968587 11.8202667049 11.074019799 
8.85069228258 11.8203149233 11.0739526341 
2.89563925317 10.7619984799 9.01801525924 
2.89567282318 10.7620331336 9.01794020746 
21.1848552445 13.6458823524 13.2028875602 
21.1848495497 13.6459315253 13.2028335178 
15.0352048047 14.0076196445 11.6662277472 
15.0351984525 14.007671482 11.6661613044 
8.81852024466 12.9174211738 9.22194824291 
8.81851276808 12.9174636039 9.2218733357 
2.8800704965 11.525521914 6.99608406586 
2.88006270782 11.5255520514 6.99600507235 
21.1642700788 14.7810944083 11.8134682346 
21.1642580588 14.7811403629 11.8134089718 
15.0415625308 15.2681460087 10.0191946461 
15.041537225 15.2681917235 10.0191173919 
8.81919872789 14.0309623799 7.43345862681 
8.81916100015 14.0309960824 7.43337164354 
2.8774836991 12.3639825993 5.13520215177 
2.87743491737 12.3640061803 5.13511440996 
21.1497766653 15.792465723 10.3386092601 
21.1497587181 15.7925093524 10.3385448969 
15.0630621879 16.4043237968 8.27127355649 
15.063017869 16.4043619013 8.27118394992 
8.847345774 15.1594491724 5.60907225288 
8.84727809201 15.1594721631 5.60897095129 
2.88679485655 13.3270048172 3.28615967467 
2.88670627708 13.3270180754 3.28605921168 
44.2694807098 2.7852797847 1.7110031356 
44.2694232026 2.7854542698 1.71110221102 
40.8756773066 7.73959283124 4.75444498542 
40.8755402504 7.73973140205 4.75450520894 
35.1031588657 11.4484030833 7.03276910493 
35.1029842079 11.4485057445 7.03279211487 
27.8647121843 14.187285804 8.71526304157 
27.8645264167 14.187370116 8.71526157224 
44.2711836628 2.92090867307 1.46826416927 
44.2711261532 2.92109036451 1.46834772466 
40.877329823 8.11658223059 4.07998465653 
40.8771916258 8.11672243892 4.0800310776 
35.0798134564 11.9791363829 6.02157307186 
35.0796374075 11.9792324762 6.02158256805 
27.7898804438 14.736919981 7.40781778935 
27.7896960422 14.7369890437 7.40780112789 
44.2646050055 3.03391629458 1.21424539589 
44.2645468266 3.03410359825 1.21431284033 
40.8268575854 8.40404566537 3.36348548544 
40.8267189949 8.40418588155 3.36351824063 
34.9711680335 12.3236090617 4.9321622012 
34.9709940198 12.3236993165 4.93216070666 
27.637120262 15.0137077692 6.0087713666 
27.6369418491 15.0137663567 6.00874537726 
44.2615842008 3.12556142845 0.951849861977 
44.2615260683 3.12575310138 0.951900900575 
40.7988492755 8.64235287771 2.63190029529 
40.7987130255 8.64249377865 2.63192029675 
34.8998145546 12.6138313637 3.84132880941 
34.8996466737 12.6139201019 3.84131896585 
27.5203686881 15.2311891381 4.63836903971 
27.5201999884 15.2312445994 4.63833781285 
44.2704235699 3.19684695615 0.6831532259 
44.2703670107 3.19704124176 0.683187490394 
40.8478779572 8.86539131732 1.89448046388 
40.8477478584 8.86553205794 1.89448748322 
34.9611963891 12.9688444574 2.771337675 
34.9610412097 12.9689327693 2.77131906908 
27.5396036091 15.6106872358 3.33584705182 
27.5394557796 15.6107448088 3.33581046913 
44.2770289551 3.24462802769 0.409170449599 
44.2769736659 3.24482257337 0.409187716532 
40.8980582273 9.02605768717 1.13823695121 
40.8979347383 9.02619387358 1.13823048808 
35.0676504887 13.2872948902 1.67558467025 
35.0675117577 13.287377529 1.67555608797 
27.685505604 16.1462666169 2.03609085692 
27.6853882411 16.1463244594 2.0360467756 
44.2775915797 3.2677732978 0.131960068482 
44.2775368879 3.2679663906 0.131960538192 
40.9205969241 9.10446926126 0.367651577318 
40.9204793774 9.10459848557 0.367632498921 
35.1592160574 13.4934070955 0.544872148957 
35.159093406 13.493480911 0.544834549561 
27.8802781524 16.6691801314 0.673098174516 
27.8801903384 16.6692320473 0.673046137142 
44.2713140034 3.26593188898 -0.146163653687 
44.2712591406 3.26612182883 -0.146179591503 
40.9027272016 9.09141637581 -0.4068801167 
40.9026144233 9.09153595935 -0.406910489257 
35.1925043072 13.5313739564 -0.605591076508 
35.1923961869 13.5314342533 -0.605635837697 
28.0407004517 16.9970246039 -0.760699490459 
28.040639198 16.9970596499 -0.760757676374 
44.2587628833 3.22280619195 -0.533893300299 
44.2587061947 3.22299292725 -0.533937708897 
40.8396541924 8.9384794382 -1.48075745257 
40.8395357992 8.93859371477 -1.48082111433 
35.1343012827 13.2928584377 -2.20210823705 
35.1341811481 13.2929104747 -2.20219191019 
28.0816842792 16.8680486699 -2.79437783024 
28.0816010953 16.8680688006 -2.79448377022 
44.2464786158 3.10066898503 -1.02057259052 
44.2464190655 3.10085123952 -1.02064607523 
40.7648661333 8.560667898 -2.81770903487 
40.7647326636 8.56078350018 -2.81778986528 
35.01740702 12.6625860841 -4.16783872929 
35.0172514208 12.6626420418 -4.16792751906 
27.983723445 16.049861513 -5.28274666562 
27.9835777114 16.0498871898 -5.28285179247 
44.2329716732 2.90534098571 -1.48234173681 
44.2329089935 2.90551391945 -1.48244381747 
40.673416971 7.97562621435 -4.06926542286 
40.6732681261 7.97573822992 -4.06936388534 
34.8471003386 11.687082207 -5.96289723729 
34.8469117101 11.6871374724 -5.96299050884 
27.7792620734 14.6723505841 -7.48601894061 
27.7790616292 14.6723803152 -7.48612111139 
44.2153170447 2.64112415384 -1.90790623749 
44.215250642 2.64128291497 -1.90803552588 
40.5530597042 7.19509481691 -5.19762248231 
40.5528951759 7.19519815701 -5.1977373924 
34.6212263937 10.4062909149 -7.5173396589 
34.6210082731 10.4063413471 -7.51743500807 
27.503652595 12.8773091531 -9.30236407847 
27.5034078688 12.8773412729 -9.30246103941 
44.1933826072 2.3145722787 -2.28696470739 
44.1933124998 2.31471146806 -2.28711832746 
40.4131295849 6.24923275339 -6.1746936515 
40.4129539829 6.2493217896 -6.1748227252 
34.3833439843 8.91641875425 -8.81006620311 
34.3831101525 8.91646273271 -8.81016487306 
27.2543269852 10.9131778011 -10.7830084661 
27.2540628475 10.9132166764 -10.7831101746 
44.1820243414 1.93554721007 -2.61276042119 
44.1819524746 1.93566255682 -2.61293490675 
40.3633473087 5.21015431827 -7.03309375263 
40.363168202 5.2102271069 -7.03323731181 
34.3587297483 7.44262095739 -10.0466603791 
34.3584925467 7.44266098629 -10.046771325 
27.3423611626 9.24767349276 -12.4832683823 
27.342093422 9.24772247508 -12.4833951911 
44.1839074993 1.51259241847 -2.87877461778 
44.1838355258 1.51268098701 -2.87896665823 
40.4018391428 4.08285284122 -7.77050908353 
40.4016591846 4.08290809609 -7.77066760274 
34.4956039399 5.89705992917 -11.2233184804 
34.4953644992 5.89709427421 -11.2234456915 
27.628603451 7.51344117465 -14.2996245926 
27.6283319209 7.51349204808 -14.2997800352 
44.1990702946 1.05467397199 -3.07935444716 
44.198999827 1.05473321456 -3.07956033483 
40.5068843465 2.86633648006 -8.36890472444 
40.5067048536 2.86637165476 -8.36907752174 
34.699251734 4.19143368715 -12.2378197502 
34.6990083883 4.19145726091 -12.2379610172 
27.8969496614 5.41678478928 -15.8155039123 
27.8966707573 5.41682494621 -15.8156743142 
44.2220574913 0.323024641646 -3.24344937709 
44.2219896034 0.323024731763 -3.2436654052 
40.6308206852 0.884620675315 -8.88236378405 
40.6306428604 0.884593139017 -8.88254614602 
34.8495356835 1.3005632251 -13.0587900688 
34.849288353 1.30053075959 -13.0589351746 
27.9322467503 1.66399184381 -16.7079306452 
27.9319584207 1.66397470606 -16.7080901898 
44.223416635 -0.674264335792 -3.18926698678 
44.2233489328 -0.674329714935 -3.18947098678 
40.6228667842 -1.84529694449 -8.72824545726 
40.6226890428 -1.84538106327 -8.72840461418 
34.7898400361 -2.69912821802 -12.766863175 
34.7895927851 -2.69921031797 -12.7669784184 
27.7771221999 -3.40616192228 -16.1111291132 
27.7768333968 -3.40623947244 -16.1112512723 
44.2069959984 -1.60667984582 -2.83258307016 
44.2069265239 -1.60680304429 -2.83275529145 
40.5127130209 -4.36631605086 -7.69783286744 
40.5125337064 -4.36644296024 -7.69794957574 
34.5871568402 -6.3124309177 -11.1288412533 
34.5869117936 -6.31254430128 -11.1289093805 
27.5350442662 -7.87094079084 -13.8765004667 
27.5347618276 -7.87105701853 -13.8765707829 
44.1826110662 -2.38539420173 -2.20986610873 
44.1825391339 -2.38556198111 -2.2099907381 
40.3611501278 -6.41978185222 -5.9473852709 
40.3609698483 -6.41993310664 -5.94744917097 
34.3392139754 -9.15363496188 -8.48006910525 
34.3389744409 -9.15375894289 -8.48008511457 
27.2913591183 -11.3143925361 -10.4818283654 
27.2910888717 -11.3145264022 -10.4818427131 
44.1494797648 -2.93661078901 -1.38108169254 
44.14940326 -2.93680658544 -1.38114867645 
40.1601870466 -7.7997968702 -3.66822757148 
40.1599980153 -7.79994984031 -3.66823719294 
34.0227973575 -10.9183863886 -5.13489346623 
34.0225522525 -10.9184901506 -5.13486127607 
26.9973341552 -13.3616525251 -6.28395623743 
26.9970645177 -13.3617650796 -6.28391789938 
44.0679754278 -3.20092977656 -0.424963103027 
44.0678879381 -3.20113391148 -0.424967521666 
39.6626718463 -8.21448351824 -1.09057450471 
39.6624627589 -8.21461068861 -1.09053760699 
33.2282269402 -10.8850505209 -1.4451253757 
33.227968746 -10.8850996758 -1.44506668985 
26.2011114329 -12.7456374838 -1.69214135682 
26.2008379277 -12.7456936437 -1.69207974309 
43.9728728012 -3.16073426881 0.560878439065 
43.9727737092 -3.16092716816 0.560935257352 
39.0983855101 -7.77606956685 1.37987865787 
39.0981611789 -7.77615973865 1.37994538276 
32.369899626 -9.55761956936 1.69601816835 
32.3696387807 -9.55761744942 1.69607397025 
25.36499263 -10.4046048805 1.84631735798 
25.3647244367 -10.4046167518 1.84637370111 
43.9102257522 -2.83147871625 1.48577164738 
43.9101200144 -2.83164396944 1.48588325207 
38.734273944 -6.76444005327 3.54952809069 
38.7340451465 -6.76449821615 3.54961221397 
31.840085635 -7.83575479297 4.11168278976 
31.8398299646 -7.83572803191 4.11172378926 
24.8651415435 -7.94099355267 4.16690508914 
24.8648804948 -7.94098866095 4.16695092165 
43.9143231284 -2.41732374551 2.09441310575 
43.9142182308 -2.4174678662 2.09455231408 
38.745385589 -5.77957133822 5.00752535893 
38.7451580545 -5.77962976823 5.00760557192 
31.8294621583 -6.67439276119 5.78281485793 
31.8292053127 -6.67438187676 5.78283391111 
24.8157625455 -6.64787044869 5.75983544568 
24.8154967703 -6.64787782915 5.75986432911 
43.9430092287 -2.0716198508 2.44439145644 
43.9429067102 -2.07174352382 2.44455368391 
38.8902734253 -5.01108990742 5.91279589855 
38.8900430425 -5.01114285717 5.91288963648 
31.9912017248 -5.88383049336 6.94257924955 
31.9909340752 -5.88382402442 6.94259814615 
24.8943239646 -5.86285298217 6.91782700115 
24.8940448593 -5.86285700555 6.91784762385 
43.9777325143 -1.67629151031 2.738811048 
43.9776330516 -1.67639110125 2.73899337852 
39.0722128346 -4.1131962966 6.72035107881 
39.0719807366 -4.11324133702 6.72045911734 
32.2088512123 -4.93473985022 8.06263107438 
32.2085742829 -4.93473837581 8.06265246863 
25.0208490259 -4.95486440873 8.09551161028 
25.0205601719 -4.95486804741 8.09552321078 
44.0087391667 -1.23928961769 2.96898307676 
44.0086422696 -1.23936175397 2.96918167774 
39.2425210711 -3.08091062829 7.38097970472 
39.2422876576 -3.08094427724 7.38110079873 
32.4309183738 -3.77566050948 9.04540149153 
32.4306351402 -3.77566367875 9.04542771416 
25.1771241501 -3.84911343058 9.22137365861 
25.176831295 -3.84912195699 9.22138071551 
44.0418552474 -0.771382860209 3.1301847926 
44.0417642348 -0.771423401213 3.13039190239 
39.4379388105 -1.94607706023 7.89694305216 
39.4377186071 -1.94609178434 7.8970773971 
32.7189900445 -2.45018692478 9.94253597807 
32.7187142311 -2.45018596018 9.9425817336 
25.4324601388 -2.57630370526 10.4542767276 
25.4321643353 -2.57630839027 10.4542998453 
44.1423099471 -0.284475863986 3.23124440971 
44.1422353683 -0.284483151078 3.23145324231 
40.0384157016 -0.74885651757 8.50579406776 
40.0382360467 -0.748844707665 8.50595075736 
33.6257823724 -1.01148058315 11.488561841 
33.6255450476 -1.01145989537 11.4886617924 
26.2379417937 -1.13582884153 12.9006880756 
26.2376681513 -1.13580898627 12.9007712437 
44.2674839599 0.215541021421 3.26133213412 
44.2674269632 0.215566531985 3.26153736944 
40.8172046758 0.596520269475 9.02626952476 
40.8170674647 0.596565128169 9.02643809328 
34.8767798784 0.867594441852 13.1285829623 
34.8765945439 0.867653393899 13.1287186365 
27.3951224391 1.03197488338 15.6166623206 
27.39490207 1.03204324915 15.61678032 
44.3556408111 0.716413815872 3.20672298548 
44.3555946525 0.716470263008 3.20691720789 
41.3836775236 2.05025353613 9.17725616011 
41.3835640976 2.0503293173 9.17740661637 
35.8263447453 3.11809553274 13.9573347272 
35.8261955892 3.11818922103 13.9574377539 
28.281452971 3.81604024079 17.0818071784 
28.2812918193 3.81614662343 17.0818650234 
44.3604129163 1.09374083007 3.0993880993 
44.3603666492 1.09381344076 3.09957203722 
41.4072998022 3.13412475187 8.881434133 
41.4071845118 3.13419580782 8.8815621641 
35.8445760118 4.76617290516 13.506471213 
35.8444315517 4.76623834904 13.5065315442 
28.2543865211 5.80622623182 16.4539942521 
28.2542542168 5.8062850415 16.4539957247 
44.3435095095 1.35181266781 2.99220335962 
44.343461277 1.35190028135 2.99237963193 
41.3052448461 3.85134013752 8.52490654507 
41.3051274693 3.85142015445 8.52502452576 
35.6942502575 5.82399791945 12.8914603956 
35.6941082937 5.82406683284 12.8915125082 
28.1604279517 7.10533730736 15.7278284674 
28.1603048774 7.10539911925 15.7278325628 
44.3237752548 1.59931782245 2.86311436618 
44.3237249139 1.59941963209 2.86328170531 
41.1952925412 4.52826808971 8.10658086031 
41.195173942 4.52835608257 8.10668860519 
35.5597599612 6.82077208341 12.2107065731 
35.5596215322 6.82084430983 12.2107516 
28.1378010228 8.39385141448 15.0269279344 
28.1376857588 8.39391668163 15.0269324791 
44.3063574948 1.83493004823 2.7140065123 
44.3063054466 1.83504523319 2.71416387435 
41.0996467129 5.16707701934 7.64252412656 
41.0995279076 5.16717231064 7.64262181465 
35.4460078137 7.75777287617 11.474385972 
35.4458730509 7.7578480361 11.4744240974 
28.1263960365 9.62756176854 14.2399747091 
28.126286007 9.62762819942 14.2399748636 
44.2934053473 2.05733425636 2.5462704178 
44.2933516063 2.05746257321 2.54641771111 
41.0238436308 5.76775332505 7.13848983135 
41.0237208401 5.76785629939 7.13857937706 
35.3391085574 8.62413296331 10.6737029123 
35.3389671867 8.62421042724 10.6737351773 
28.0663414274 10.725863336 13.2749204138 
28.0662201975 10.7259283831 13.2749152038 
44.2745267332 2.26370768578 2.35954188427 
44.2744702685 2.2638487983 2.35967866285 
40.9106492833 6.30378456317 6.57065565473 
40.9105187721 6.30389542733 6.57073806262 
35.169911004 9.35812487961 9.75430164875 
35.1697562068 9.35820564572 9.75433095529 
27.9457573028 11.6434842081 12.1364117993 
27.9456145883 11.6435521837 12.1364086148 
44.2578622743 2.453573057 2.15646520173 
44.2578035951 2.45372617409 2.1565904136 
40.8106378262 6.79144876337 5.96905924025 
40.810501837 6.79156797332 5.96913461287 
35.0192409379 10.0147742652 8.80206609068 
35.0190764119 10.01486103 8.80209443319 
27.8333298929 12.4572741282 10.9487989727 
27.8331693409 12.4573494299 10.9488006768 
44.2547525592 2.62746550855 1.93979033523 
44.2546934729 2.62763008112 1.93990321383 
40.7908532582 7.26396264288 5.36279714587 
40.7907154294 7.26409237297 5.36286641474 
34.985988211 10.6936490119 7.89484654853 
34.9858172536 10.6937463588 7.89487579606 
27.8005229702 13.2874640258 9.80979358741 
27.8003464318 13.28755038 9.80980036977 
