1.05373247902 1.62949665828 -0.0239982772149
1.05373327436 1.62949686438 -0.0240050172852
1.06953645715 1.74689732124 -0.119991386075
1.06953715274 1.7468982399 -0.119998866718
1.07446229318 1.86429798421 -0.215984494934
1.07446265172 1.8642995964 -0.215992590925
1.0580201125 1.98169864718 -0.311977603794
1.0580200089 1.98170091929 -0.311986170435
1.06882654343 1.6312692583 -0.189804556154
1.06882704955 1.63126998982 -0.189811698719
1.08319467772 1.75221512131 -0.294524311274
1.08319519013 1.75221642183 -0.294532058616
1.08588997632 1.87316098432 -0.399244066394
1.08589035116 1.87316283731 -0.399252340308
1.07077358487 1.99410684733 -0.503963821513
1.07077370736 1.99410922944 -0.503972533916
1.07318713609 1.63304185832 -0.355610835094
1.07318725757 1.63304313705 -0.355618371196
1.09012384839 1.75753292137 -0.469057236473
1.09012408203 1.75753461727 -0.469065257152
1.09594969911 1.88202398443 -0.582503637853
1.09594996725 1.88202608655 -0.582512102782
1.0856748674 2.00651504748 -0.695950039233
1.08567506168 2.00651754255 -0.695958904239
1.06357377168 1.63481445834 -0.521417114033
1.06357346919 1.63481629904 -0.521425028551
1.08648383073 1.76285072144 -0.643590161673
1.08648373292 1.76285282347 -0.643598459652
1.09962112525 1.89088698453 -0.765763209313
1.09962118462 1.89088934345 -0.765771877496
1.09774253069 2.01892324763 -0.887936256952
1.0977426688 2.01892585861 -0.887945281329
1.03992466217 1.63658705836 5.59596191421
1.03992410463 1.63658856037 5.59595410643
1.07011517505 1.7681685215 5.46506222031
1.07011482096 1.76817059472 5.46505383199
1.09197266854 1.89974998464 5.33416252641
1.09197242545 1.89975260404 5.33415364472
1.10065569317 2.03133144778 5.20326283251
1.10065548161 2.03133458205 5.20325355344
1.0184634352 1.63835965839 5.43015563527
1.01846266986 1.63835979346 5.43014893717
1.04827006487 1.77348632157 5.29052929511
1.04826939015 1.77348788454 5.29052113515
1.07022833565 1.90861298475 5.15090295495
1.07022765221 1.90861586753 5.15089385035
1.08333537125 2.04373964793 5.01127661479
1.08333476243 2.04374365032 5.01126717534
1.00012989925 1.64013225841 5.26434935633
1.00012894273 1.64013094317 5.26434441432
1.02136553523 1.77880412163 5.11599636991
1.02136444454 1.77880512512 5.11598861198
1.03383124851 1.91747598486 4.96764338349
1.03382995541 1.91747913643 4.96763404647
1.04441631152 2.05614784808 4.81929039707
1.04441551572 2.05615260481 4.81928106135
0.982728713173 1.64190485843 5.09854307739
0.982727750693 1.64190211237 5.09854041041
0.988249953506 1.7841219217 4.94146344471
0.988248485614 1.78412232258 4.94145625925
0.982325983599 1.92633898496 4.78438381203
0.982323889637 1.92634240995 4.78437423416
0.984088174827 2.06855604823 4.62730417935
0.98408740178 2.06856140822 4.62729522741
0.964277633779 1.64072948826 4.95891673723
0.964276842639 1.6407272936 4.95891483628
0.950793214389 1.78059581119 4.79965544298
0.950792085422 1.78059449473 4.79965206939
0.921108451979 1.92046213412 4.64039414874
0.921106297875 1.92046174051 4.6403894842
0.908623086091 2.06032845706 4.4811328545
0.908620575672 2.06032901741 4.48112712833
0.945525788438 1.6366061479 4.84547033585
0.945525071514 1.63660416299 4.84546823501
0.924719166382 1.76822579012 4.69057236473
0.924718698841 1.76822418212 4.69056942564
0.88152994004 1.89984543233 4.53567439362
0.881528920973 1.89984421299 4.535670684
0.852701584939 2.03146507455 4.38077642251
0.852699775881 2.03146426071 4.3807720184
0.928748184594 1.63248280755 4.73202393447
0.928747550063 1.63248102167 4.73202164047
0.908693848154 1.75585576905 4.58148928649
0.908693809279 1.75585391978 4.58148677224
0.860549709908 1.87922873055 4.4309546385
0.860549596107 1.87922681338 4.43095191678
0.817474704195 2.00260169205 4.28041999052
0.81747385943 2.00259970455 4.28041707369
0.916191829568 1.62835946719 4.61857753309
0.916191366693 1.62835786951 4.61857505276
0.898222472967 1.74348574797 4.47240620824
0.898222655 1.74348370806 4.47240410768
0.848908878335 1.85861202876 4.32623488338
0.848909322459 1.8586095555 4.32623316091
0.797788356442 1.97373830954 4.18006355853
0.797788529865 1.9737354128 4.18006221179
0.908509018069 1.62587100946 4.50513113171
0.908508624273 1.62586971975 4.50512840071
0.888869823408 1.7360203748 4.36332312999
0.888870024554 1.73601870624 4.36332107912
0.838655444685 1.84616974014 4.22151512826
0.838656061247 1.84616770598 4.22151375987
0.788618970854 1.95631910548 4.07970712654
0.788619575886 1.95631672179 4.07970643719
0.898092537551 1.62501743438 4.39168473033
0.89809203177 1.62501632904 4.39168169232
0.878471939304 1.73345964954 4.25424005174
0.878472027604 1.73345814647 4.25423770629
0.831597463647 1.84190186471 4.11679537314
0.831598081539 1.84189997716 4.11679372631
0.786968114706 1.95034407987 3.97935069455
0.786968806058 1.9503418244 3.97934974578
0.88486393652 1.62416385929 4.27823832895
0.884863363396 1.62416293483 4.27823500205
0.867636763727 1.73089892428 4.14515697349
0.867636730303 1.73089758403 4.14515434784
0.828026242625 1.83763398927 4.01207561802
0.828026795618 1.83763224627 4.01207370396
0.791319858132 1.94436905426 3.87899426256
0.79132058455 1.9443669254 3.8789930629
0.870307704518 1.6233102842 4.16479192757
0.870307112984 1.62330953678 4.16478833046
0.857131938273 1.72833819902 4.03607389524
0.857131803313 1.72833701866 4.03607100424
0.827284611114 1.83336611383 3.9073558629
0.827285063055 1.83336451315 3.90735369317
0.800180260805 1.93839402865 3.77863783057
0.800180972958 1.93839202467 3.77863638881
0.855638413942 1.62203128511 3.9946223255
0.855637817131 1.62203039584 3.99461441502
0.847149909778 1.72450120174 3.87244927786
0.847149680295 1.72449983448 3.87244231156
0.827387517278 1.82697111837 3.75027623022
0.827387721191 1.82696929048 3.75027024424
0.809467291268 1.929441035 3.62810318258
0.809467617541 1.92943876936 3.62809820042
0.84060595697 1.62032686201 3.76772952274
0.840605365293 1.62032561018 3.7677222228
0.835477504118 1.71938793245 3.65428312136
0.835477215999 1.71938625972 3.65427672743
0.821140624744 1.81844900288 3.54083671998
0.821140596167 1.81844692792 3.54083125166
0.80445777843 1.91751007332 3.4273903186
0.804457687699 1.91750761887 3.42738578564
0.826130775671 1.61862243891 3.54083671998
0.82613022184 1.6186208641 3.54083003874
0.823509180932 1.71427466316 3.43611696486
0.823508922851 1.71427272337 3.43611113889
0.810213638157 1.8099268874 3.33139720974
0.810213605024 1.80992460135 3.3313922457
0.786945720608 1.90557911164 3.22667745462
0.786945648112 1.905576501 3.22667335174
0.813390440989 1.61691801582 3.31394391722
0.813389926988 1.61691615998 3.31393785895
0.813266856045 1.70916139386 3.21795080836
0.813266712973 1.70915922677 3.21794554351
0.797763045942 1.80140477191 3.1219576995
0.797763245664 1.80140231136 3.12195322514
0.761568686807 1.89364814995 3.02596459065
0.761569075462 1.8936454158 3.02596089845
0.801960911625 1.61691801582 3.08705111446
0.801960213098 1.6169163163 3.08704480156
0.804768361383 1.70916139386 2.99978465187
0.804768086257 1.7091596745 2.9997789565
0.785519952832 1.80140477191 2.91251818927
0.785520206223 1.80140302986 2.91251310646
0.733622138018 1.89364814995 2.82525172667
0.733622963715 1.89364638199 2.82524724929
0.78438662399 1.61862243891 2.86015831171
0.784385684089 1.61862111125 2.86015099947
0.78876667798 1.71427466316 2.78161849537
0.788766046174 1.71427342817 2.78161156628
0.768147647827 1.8099268874 2.70307867903
0.768147492562 1.80992574424 2.70307213125
0.710188075126 1.90557911164 2.62453886269
0.710188577157 1.90557805942 2.62453269429
0.762739136244 1.62032686201 2.63326550895
0.762738140395 1.62032595856 2.63325739241
0.767210535334 1.71938793245 2.56345233887
0.76720969006 1.71938725225 2.56344444987
0.747528276031 1.81844900288 2.49363916879
0.747527729595 1.81844854773 2.49363151524
0.692721163425 1.91751007332 2.42382599871
0.692721137395 1.91750984473 2.42381858803
0.740800123111 1.62203128511 2.40637270619
0.740799242231 1.6220308529 2.40636399622
0.74413669891 1.72450120174 2.34528618237
0.744135816374 1.72450113499 2.34527763624
0.726975933215 1.82697111837 2.28419965855
0.726975168632 1.82697141832 2.28419130578
0.681851185099 1.929441035 2.22311313473
0.681850777281 1.92944170084 2.22310500203
0.722424124397 1.6233102842 2.23620310412
0.722423508725 1.6233102921 2.23619857998
0.724290788486 1.72833819902 2.18166156499
0.724290163699 1.72833850292 2.18165710201
0.710972004759 1.83336611383 2.12712002587
0.710971515367 1.83336671249 2.12711563626
0.679119186689 1.93839402865 2.07257848674
0.679119063964 1.93839491955 2.0725741815
0.710134965922 1.62416385929 2.12275670274
0.710134624297 1.62416432309 2.12275198587
0.713483885088 1.73089892428 2.07257848674
0.71348361463 1.73089953084 2.07257391669
0.706844303175 1.83763398927 2.02240027075
0.706844276293 1.83763473812 2.02239584822
0.688220658361 1.94436905426 1.97222205475
0.688221044192 1.94436994484 1.97221778029
0.703455420137 1.62501743438 2.00931030136
0.703455328352 1.62501836329 2.00930548293
0.710126871032 1.73345964954 1.96349540849
0.710126885303 1.73346056531 1.96349077852
0.711433049334 1.84190186471 1.91768051563
0.711433325143 1.84190276748 1.91767607701
0.704558513613 1.95034407987 1.87186562276
0.704559154874 1.95034496977 1.8718613782
0.701647056701 1.62587100946 1.89586389998
0.701647185887 1.62587240713 1.8958590717
0.711646350955 1.7360203748 1.85441233024
0.711646573268 1.73602160467 1.85440768752
0.720078949954 1.84616974014 1.81296076051
0.720079356858 1.84617080037 1.81295632259
0.722357526243 1.95631910548 1.77150919077
0.72235816931 1.95631999435 1.77150497523
0.705908204603 1.6278140518 1.78242131651
0.705908761329 1.62781553974 1.78241654284
0.716817870514 1.7418495018 1.74533197907
0.716818337099 1.74185081031 1.74532740234
0.727408051459 1.8558849518 1.70824264164
0.727408244214 1.85588607865 1.7082383102
0.73293542781 1.9699204018 1.6711533042
0.732935378044 1.9699213421 1.67114926108
0.724502820812 1.63084656137 1.66898255094
0.724503856177 1.63084753868 1.66897785254
0.730719561412 1.75094703052 1.63625435498
0.730720272398 1.75094759349 1.6362499413
0.728938405494 1.87104749968 1.60352615901
0.728938442159 1.87104764037 1.60352211601
0.721652701481 1.99114796883 1.57079796304
0.721652069544 1.99114767813 1.57079436302
0.751938358836 1.63387907095 1.55554378538
0.751939554774 1.63387946212 1.55553919361
0.75099710951 1.76004455925 1.52717673088
0.750998053882 1.76004427918 1.52717254724
0.730707397864 1.88621004755 1.49880967638
0.730707882382 1.8862090943 1.49880602943
0.701748539261 2.01237553586 1.47044262188
0.701748444389 2.01237391404 1.4704396116
0.780494605226 1.63691158052 1.44210501981
0.780495632439 1.63691131845 1.44210056372
0.773898135308 1.76914208798 1.41809910678
0.773899273062 1.76914089195 1.41809521405
0.73996321986 1.90137259543 1.39409319375
0.739964624058 1.90137049365 1.39409003588
0.690322282366 2.03360310288 1.37008728072
0.690323690666 2.03360014665 1.37008497668
0.803749674903 1.63781424299 1.30248058861
0.803750549155 1.63781693625 1.30247434995
0.796673886489 1.77185007539 1.2762924686
0.796674124093 1.77185335703 1.2762864024
0.762859576635 1.90588590779 1.25010434859
0.762858948815 1.90588972233 1.2500986581
0.701414507551 2.03992174019 1.22391622858
0.701412425283 2.03992602331 1.22391111997
0.82698554186 1.63658705836 1.13667049176
0.826986454157 1.63659007456 1.13666428109
0.824427562402 1.7681685215 1.10175681632
0.824428184637 1.76817199185 1.10175074714
0.797940631335 1.89974998464 1.06684314088
0.797940320362 1.89975386935 1.06683737317
0.729267304074 2.03133144778 1.03192946544
0.729264857679 2.03133570251 1.03192416209
0.857100431643 1.63535987373 0.970860394914
0.85710161004 1.63536317813 0.970854208395
0.861652384369 1.76448696761 0.927221164045
0.861653576625 1.76449060456 0.927215083424
0.845898582433 1.89361406149 0.883581933176
0.845898747302 1.89361800542 0.883576079574
0.776409326539 2.02274115537 0.839942702307
0.776406883967 2.02274537869 0.839937199372
0.900273376672 1.6341326891 0.805050298067
0.900275012366 1.63413624575 0.805044134723
0.912152814956 1.76080541372 0.752685511769
0.912154649871 1.76080919507 0.752679413156
0.908282657727 1.88747813834 0.700320725471
0.908283452688 1.88748213066 0.700314778296
0.847927475654 2.01415086296 0.647955939172
0.847925692161 2.01415505191 0.647950232048
0.956157034056 1.63290550447 0.63924020122
0.956158754618 1.63290875484 0.639233611068
0.973528892319 1.75712385983 0.578149859492
0.973530882218 1.75712733338 0.578143253527
0.980251077536 1.88134221519 0.517059517765
0.980252304624 1.88134590083 0.517052979011
0.939531353453 2.00556057054 0.455969176037
0.939530659646 2.00556445667 0.455962790082
0.993340783779 1.63167831984 0.473430104373
0.993342043523 1.63168065094 0.473422951971
1.01447873959 1.75344230594 0.403614207216
1.01448025991 1.75344495961 0.403606878515
1.02780971502 1.87520629204 0.333798310059
1.02781075615 1.87520925416 0.333790912484
1.00190619983 1.99697027813 0.263982412903
1.00190588347 1.99697353315 0.263975059724
1.01548592591 1.63045113521 0.307620007526
1.01548682261 1.63045247727 0.307612747864
1.03802070172 1.74976075205 0.22907855494
1.0380217308 1.7497625146 0.229070899938
1.05327922119 1.86907036888 0.150537102354
1.05327988612 1.86907253804 0.150529182175
1.03552039671 1.98837998572 0.0719956497679
1.03552010511 1.98838254463 0.0719876060239
1.03295442466 1.62922395058 0.141809910678
1.03295522651 1.62922428236 0.141803016004
1.05361312666 1.74607919816 0.0545429026633
1.0536138681 1.74608003657 0.054535343526
1.06568266454 1.86293444573 -0.0327241053518
1.06568301961 1.86293578195 -0.0327321819138
1.05042652813 1.97978969331 -0.119991113367
1.05042620552 1.97979151325 -0.11999954021
0.898752740873 1.03628924337 0.485008727714
0.898754353446 1.03629530647 0.485003959754
0.945147746991 1.18900555292 0.353291456143
0.945149658144 1.18901124642 0.35328489718
0.994280209761 1.34172186247 0.221574184572
0.994281697688 1.34172583035 0.221566723151
1.03331247768 1.49443817202 0.0898569130004
1.03331335381 1.49443946925 0.0898498567685
0.893283820292 1.03628924337 0.390375339424
0.893285248981 1.03629510719 0.390368488029
0.942669221089 1.18900555292 0.23956961999
0.942670836601 1.18901050498 0.239562066446
0.998853333954 1.34172186247 0.0887639005564
0.998854542813 1.34172533105 0.0887561024088
1.04506197215 1.49443817202 -0.0620418188776
1.04506260779 1.49443975668 -0.0620492516704
0.879092503142 1.03628924337 0.295741951135
0.879093266173 1.03629395324 0.295734300915
0.930155632052 1.18900555292 0.125847783838
0.930156658365 1.18900944399 0.125839948431
0.99274222272 1.34172186247 -0.0440463834587
0.992742981491 1.34172479489 -0.0440543060177
1.04577018434 1.49443817202 -0.213940550756
1.04577045546 1.49444004039 -0.213948414072
0.862680577648 1.03628924337 0.201108562846
0.862680614274 1.03629203248 0.201101743642
0.910479064829 1.18900555292 0.0121259476859
0.910479265948 1.18900813191 0.0121186326487
0.974510594474 1.34172186247 -0.176856667474
0.974510678129 1.34172422755 -0.176864492302
1.03150549267 1.49443817202 -0.365839282634
1.03150527206 1.49444031973 -0.365847628414
0.849632595489 1.03628924337 0.106478992464
0.849632375016 1.03629093122 0.106473055131
0.887729091152 1.18900555292 -0.101593161389
0.887728847604 1.18900715982 -0.101599739217
0.945931470117 1.34172186247 -0.309665315243
0.945931062341 1.34172338812 -0.309672537848
1.00242666115 1.49443817202 -0.517737469096
1.00242604785 1.49443961614 -0.517745340359
0.839009417957 1.03628924337 0.0118532399903
0.839009226339 1.03629103587 0.0118469552594
0.870778502778 1.18900555292 -0.215309543388
0.87077830179 1.18900665593 -0.21531565799
0.92438085011 1.34172186247 -0.442472326766
0.92438031098 1.3417222611 -0.442478220675
0.979340412551 1.49443817202 -0.669635110143
0.979339546425 1.49443786088 -0.669640715347
0.831444188212 1.03628924337 -0.0827725124835
0.831444125379 1.03629113996 -0.0827791686991
0.860383880334 1.18900555292 -0.329025925386
0.860383754177 1.18900614415 -0.329031406033
0.910498282497 1.34172186247 -0.575279338288
0.910497584412 1.34172112015 -0.575283414216
0.962906478377 1.49443817202 -0.821532751191
0.96290530987 1.49443613154 -0.821535187847
0.828272007327 1.03628924337 -0.177398264957
0.828272162702 1.03629124344 -0.177405316478
0.855939405005 1.18900555292 -0.442742307384
0.855939357524 1.18900562813 -0.442746986369
0.901664731406 1.34172186247 -0.708086349811
0.901663855582 1.34172000512 -0.708088183442
0.949715985729 1.49443817202 -0.973430392238
0.949714538671 1.49443457216 -0.973429046274
0.829116568994 1.03628924337 5.98395678816
0.829115921407 1.03628324498 5.98396627028
0.855216110818 1.18900555292 5.71383981564
0.855214826736 1.18900004146 5.7138471579
0.894143218686 1.34172186247 5.44372284312
0.894141672711 1.341717196 5.44372774269
0.935804968902 1.49443817202 5.17360587061
0.935803517358 1.4944346537 5.17360815664
0.82610210003 1.03628924337 5.8349220325
0.826101372613 1.03628404571 5.83492776902
0.849887456358 1.18900555292 5.57434982933
0.849886421411 1.18900097048 5.57435395855
0.881595811792 1.34172186247 5.31377762616
0.881594510407 1.34171802634 5.31378012648
0.917587997642 1.49443817202 5.05320542299
0.917586608318 1.49443519194 5.0532063037
0.821554973066 1.03628924337 5.68588727684
0.821554354014 1.03628552338 5.68588866305
0.842881996529 1.18900555292 5.43485984302
0.842881293436 1.18900224794 5.43486058312
0.867923467135 1.34172186247 5.18383240919
0.867922506826 1.34171899532 5.18383253237
0.899161327155 1.49443817202 4.93280497537
0.899160152482 1.49443576248 4.93280451052
0.819630475895 1.03628924337 5.53685252118
0.819630255335 1.03628748553 5.53684959152
0.838975673428 1.18900555292 5.29536985671
0.838975432587 1.18900377672 5.2953673268
0.858477167516 1.34172186247 5.05388719223
0.858476696305 1.34172006792 5.0538850614
0.88552674984 1.49443817202 4.81240452775
0.885525989093 1.49443635914 4.81240279533
0.822460464511 1.03628924337 5.38781776552
0.822460428254 1.03628862092 5.38781278051
0.841012498775 1.18900555292 5.15587987039
0.841012474571 1.18900467177 5.1558756874
0.856642980902 1.34172186247 4.92394197527
0.856642796211 1.34172072422 4.9239385972
0.879702442203 1.49443817202 4.69200408014
0.879701956523 1.49443677875 4.69200150708
0.82168661348 1.03628924337 5.23878300986
0.821686424454 1.03628872282 5.23877782821
0.840898588951 1.18900555292 5.01638988408
0.840898455343 1.18900481661 5.01638541742
0.854172573979 1.34172186247 4.7939967583
0.854172347468 1.34172091133 4.79399300898
0.873172282584 1.49443817202 4.57160363252
0.87317178955 1.49443700725 4.57160060106
0.818487499244 1.03628924337 5.0897482542
0.818487289574 1.03628882487 5.08974289011
0.83821133358 1.18900555292 4.87689989777
0.838211140279 1.18900496187 4.87689516812
0.849826901016 1.34172186247 4.66405154134
0.849826641359 1.34172109935 4.66404744784
0.864824110823 1.49443817202 4.4512031849
0.864823628449 1.49443723745 4.45119972814
0.816023683104 1.03628924337 4.94071349855
0.816023587951 1.03628892703 4.94070796628
0.83431802562 1.18900555292 4.73740991146
0.834317828243 1.18900510748 4.73740493971
0.844130739214 1.34172186247 4.53410632437
0.844130459101 1.34172128812 4.53410191419
0.855349802798 1.49443817202 4.33080273728
0.85534934308 1.49443746902 4.33079888913
0.815811825219 1.03628924337 4.71716136506
0.815811714963 1.03628906979 4.7171496619
0.829787018428 1.18900555292 4.52817493199
0.829786739386 1.18900515317 4.52816429141
0.837183128582 1.34172186247 4.33918849892
0.837182766474 1.34172123709 4.33917893183
0.845138294049 1.49443817202 4.15020206586
0.845137795073 1.49443732188 4.1501935796
0.810637396078 1.03628924337 4.41909185374
0.810637083008 1.03628925317 4.41907992008
0.821401084992 1.18900555292 4.24919495937
0.821400660597 1.18900509877 4.24918433629
0.827222691157 1.34172186247 4.07929806499
0.827222214975 1.341720947 4.07928880524
0.833077670382 1.49443817202 3.90940117062
0.833077100144 1.49443680051 3.90939331029
0.800709419112 1.03628924337 4.12102234242
0.800708968137 1.03628943654 4.12101023486
0.810262990371 1.18900555292 3.97021498674
0.810262495805 1.18900504441 3.97020436843
0.815034040724 1.34172186247 3.81940763106
0.815033504495 1.341720659 3.81939862761
0.819592266778 1.49443817202 3.66860027538
0.819591662097 1.49443628948 3.66859297114
0.787823965131 1.03628924337 3.82295283111
0.787823455562 1.03628961973 3.82294060637
0.798297674519 1.18900555292 3.69123501412
0.798297185409 1.18900499009 3.69122438782
0.801857335815 1.34172186247 3.55951719713
0.801856798064 1.34172037376 3.55950839895
0.805410897659 1.49443817202 3.42779938015
0.80541028014 1.49443579263 3.42779256104
0.77143821202 1.03628924337 3.52488331979
0.771437351929 1.03628964754 3.52487112506
0.784853276984 1.18900555292 3.4122550415
0.784852470436 1.18900501186 3.41224432519
0.787254894099 1.34172186247 3.2996267632
0.787254152956 1.34172038914 3.29961776106
0.790249746135 1.49443817202 3.18699848491
0.790248978405 1.49443580169 3.18699135567
0.742231000233 1.03628924337 3.22681380847
0.742229698748 1.03628952008 3.22680172845
0.758846836603 1.18900555292 3.13327506887
0.758845578149 1.18900510979 3.13326421049
0.764149065192 1.34172186247 3.03973632927
0.764148004145 1.34172070565 3.03972683032
0.769927058666 1.49443817202 2.94619758968
0.769926091959 1.49443631757 2.94618954805
0.707111832659 1.03628924337 2.92874429716
0.707110462606 1.0362893925 2.92873230523
0.725895018469 1.18900555292 2.85429509625
0.72589364624 1.18900520783 2.8542841231
0.736572437268 1.34172186247 2.77984589534
0.73657128311 1.34172102541 2.77983600585
0.747136802605 1.49443817202 2.70539669444
0.747135800246 1.49443684848 2.70538793643
0.67565311924 1.03628924337 2.63067478584
0.675652064698 1.03628926486 2.63066285534
0.694463832668 1.18900555292 2.57531512363
0.694462692096 1.18900530596 2.57530406307
0.710429798955 1.34172186247 2.51995546141
0.710428812533 1.34172134753 2.51994528946
0.725715045504 1.49443817202 2.4645957992
0.725714193346 1.4944373901 2.46458652984
0.655730739919 1.03628924337 2.40712265235
0.655730136086 1.03628944214 2.4071166407
0.671895633503 1.18900555292 2.36608014416
0.671894906067 1.18900563668 2.36607454257
0.690959261324 1.34172186247 2.32503763597
0.690958614908 1.34172183118 2.32503244664
0.709197213307 1.49443817202 2.28399512778
0.709196649502 1.49443802569 2.28399035246
0.643697114725 1.03628924337 2.25808789669
0.643696816117 1.03628992307 2.25808183213
0.657088989265 1.18900555292 2.22659015785
0.657088629323 1.1890061988 2.22658447631
0.678003562402 1.34172186247 2.195092419
0.678003260924 1.34172247451 2.19508712112
0.698147325347 1.49443817202 2.16359468016
0.698147054759 1.49443875021 2.16358976651
0.639657164902 1.03628924337 2.10905314103
0.639657192051 1.03629039976 2.1090471212
0.650165513894 1.18900555292 2.08710017154
0.650165549594 1.18900675544 2.08709452825
0.671531295377 1.34172186247 2.06514720204
0.671531362171 1.34172311104 2.06514193448
0.692348744501 1.49443817202 2.04319423254
0.692348761353 1.49443946658 2.04318933982
0.645074473918 1.03628924337 1.96001838537
0.645074843311 1.03629086924 1.96001250692
0.652056531878 1.18900555292 1.94761018522
0.652056963918 1.18900730185 1.9476046971
0.671948621523 1.34172186247 1.93520198507
0.671949043358 1.34172373369 1.9351968851
0.691722342069 1.49443817202 1.92279378492
0.691722615748 1.49444016471 1.92278907045
0.663114098321 1.03628924337 1.81098608409
0.663115095073 1.03629090307 1.81098031602
0.664726622002 1.18900555292 1.8081231987
0.664727531932 1.18900734323 1.80811783078
0.67992861657 1.34172186247 1.80526031331
0.679929316763 1.3417237825 1.80525534321
0.696653332692 1.49443817202 1.80239742792
0.696653845481 1.49444022081 1.80239285276
0.700036582861 1.03628924337 1.66195623717
0.700038143895 1.03629050305 1.66195045922
0.692120394748 1.18900555292 1.66863921195
0.692121672674 1.18900688232 1.6686338245
0.696795235332 1.34172186247 1.67532218674
0.696796140176 1.3417232614 1.67531718857
0.709581284234 1.49443817202 1.68200516153
0.709582088354 1.49443964029 1.68200055127
0.745176631317 1.03628924337 1.51292639024
0.745178294483 1.0362900973 1.51292057833
0.728059816118 1.18900555292 1.52915522521
0.728061237443 1.18900641331 1.5291497929
0.721474337596 1.34172186247 1.54538406018
0.721475452308 1.34172272931 1.54537900737
0.730208149121 1.49443817202 1.56161289514
0.730209210542 1.49443904531 1.56160822172
0.785566154709 1.03628924337 1.36389654332
0.785567436213 1.03628968767 1.36389067291
0.764979571172 1.18900555292 1.38967123847
0.764980918172 1.18900593905 1.38966573544
0.752548902784 1.34172186247 1.41544593361
0.752550241677 1.3417221904 1.41544079893
0.757741829391 1.49443817202 1.44122062876
0.757743087426 1.49443844172 1.44121586328
0.810428117252 1.03628924337 1.24206465301
0.810428988124 1.03628800948 1.24206077599
0.795936613381 1.18900555292 1.2630675089
0.795937719402 1.1890054687 1.26306294881
0.7875697558 1.34172186247 1.28407036478
0.787571075469 1.34172293094 1.2840652811
0.790372694981 1.49443817202 1.30507322067
0.790374056486 1.49444035488 1.30506784594
0.826273377004 1.03628924337 1.14743071931
0.826273755347 1.03629158771 1.14742725317
0.821369718099 1.18900555292 1.1493440365
0.821370545016 1.18900815518 1.14933995355
0.820822431302 1.34172186247 1.15125735369
0.820823618335 1.34172471709 1.15125269267
0.82318096912 1.49443817202 1.15317067089
0.823182200585 1.49444127292 1.15316547468
0.838508280466 1.03628924337 1.0527967856
0.838508634668 1.03629435421 1.05279413741
0.845249287279 1.18900555292 1.0356205641
0.845250189259 1.18901031478 1.0356171792
0.854701764586 1.34172186247 1.0184443426
0.854702992705 1.34172623036 1.01844013739
0.859410668084 1.49443817202 1.0012681211
0.859411871287 1.49444210467 1.0012630293
0.851051746256 1.03628924337 0.958162851898
0.85105237011 1.03629535108 0.958161468193
0.871397952224 1.18900555292 0.921897091704
0.871399097115 1.18901151026 0.921894670805
0.892845354614 1.34172186247 0.885631331509
0.892846742531 1.34172732608 0.885627657981
0.903543064004 1.49443817202 0.849365571314
0.903544389981 1.49444282699 0.84936053134
0.866115010674 1.03628924337 0.863530827148
0.866115991455 1.03629504691 0.863529904843
0.900607292292 1.18900555292 0.808174982844
0.900608779497 1.18901165934 0.808172646481
0.934632992258 1.34172186247 0.75281913854
0.934634581596 1.34172755452 0.752815147052
0.954559356173 1.49443817202 0.697463294236
0.954560722093 1.49444278113 0.697457635949
0.876932323423 1.03628924337 0.768900711351
0.876933674691 1.03629504256 0.768899073851
0.919159391296 1.18900555292 0.694454237522
0.919161182417 1.18901163747 0.694450867725
0.960009299615 1.34172186247 0.620007763694
0.96001089557 1.34172723095 0.620002611903
0.986208127129 1.49443817202 0.545561289865
0.986209195083 1.49444194085 0.5455546708
0.884594118012 1.03628924337 0.674270595554
0.884595604774 1.03629503819 0.674268243958
0.929496114816 1.18900555292 0.580733492201
0.929497993064 1.18901159235 0.580729110225
0.973091739599 1.34172186247 0.487196388848
0.973093231838 1.34172682234 0.487190249883
1.00326593066 1.49443817202 0.393659285495
1.00326675804 1.49444096487 0.393652171032
0.891849779714 1.03628924337 0.579640479757
0.891851251314 1.03629503378 0.579637415176
0.937162131952 1.18900555292 0.467012746879
0.937164047277 1.18901152414 0.46700738364
0.982461568953 1.34172186247 0.354385014002
0.982463065965 1.34172633518 0.354378097077
1.01626136531 1.49443817202 0.241757281125
1.01626219315 1.49443988833 0.241750184018
0.891154147852 0.119991386075 0.550869272453
0.89115404844 0.119994523049 0.550866055892
0.878338459189 0.359974158224 0.550868727038
0.878338444112 0.359975691754 0.550865367288
0.86627996586 0.599956930373 0.550868181622
0.866280116308 0.599956814959 0.550864778367
0.869141677252 0.839939702522 0.550867636207
0.869141702843 0.839937941588 0.550864290424
0.891238079308 0.119991386075 0.465783926003
0.891237986049 0.119994037305 0.465780654953
0.878708827395 0.359974158224 0.465782289757
0.878708792481 0.359974169774 0.465778886302
0.866239280598 0.599956930373 0.465780653511
0.86623925832 0.599954301352 0.46577738016
0.866965741902 0.839939702522 0.465779017264
0.866965270165 0.839934635708 0.4657761265
0.89111863413 0.119991386075 0.380698579553
0.891118551948 0.119993544094 0.380695263233
0.877462351159 0.359974158224 0.380695852476
0.877462406949 0.359972647502 0.380692491448
0.862300542071 0.599956930373 0.380693125399
0.862300642533 0.599951971839 0.380690211186
0.858312257497 0.839939702522 0.380690398322
0.858311843245 0.839932021312 0.380688357115
0.891139573091 0.119991386075 0.295613233103
0.891139521378 0.119993044804 0.295609880858
0.87710156131 0.359974158224 0.295609415195
0.877101815172 0.359971163456 0.295606181653
0.859772680009 0.599956930373 0.295605597287
0.859773119223 0.599949989538 0.295603246294
0.850367338501 0.839939702522 0.295601779379
0.850367348478 0.839930455195 0.295600866319
0.891496238898 0.119991386075 0.210528432068
0.891496205749 0.119992800091 0.210525065802
0.879105132862 0.359974158224 0.21052461416
0.879105431656 0.359970466519 0.210521472637
0.861986987893 0.599956930373 0.210520796252
0.861987559829 0.599949193414 0.210518781878
0.848139091404 0.839939702522 0.210516978345
0.84813946216 0.839930142802 0.210516669726
0.891556019696 0.119991386075 0.125444176449
0.891555972291 0.119992813634 0.125440810907
0.87919896601 0.359974158224 0.125441449372
0.879199176344 0.359970504474 0.125438302258
0.861013763215 0.599956930373 0.125438722295
0.86101429699 0.599949234139 0.125436688371
0.843813181303 0.839939702522 0.125435995218
0.843813733003 0.839930151976 0.125435652728
0.891294827359 0.119991386075 0.0403599208293
0.891294763117 0.119992827173 0.0403565560197
0.877242802234 0.359974158224 0.0403582845831
0.877242982358 0.359970542496 0.0403551319382
0.856675995093 0.599956930373 0.0403566483369
0.856676539394 0.599949275255 0.0403545949684
0.837459355269 0.839939702522 0.0403550120908
0.837459958569 0.839930162101 0.040354635764
0.890827451357 0.119991386075 -0.0447243347901
0.890827370125 0.11999284071 -0.0447276988609
0.874049850413 0.359974158224 -0.0447248802054
0.874050044953 0.359970580584 -0.044728038324
0.850621773919 0.599956930373 -0.0447254256208
0.850622355922 0.59994931676 -0.0447274983297
0.831110657069 0.839939702522 -0.0447259710362
0.83111118687 0.839930173178 -0.0447263811619
0.890241596274 0.119991386075 6.11901527441
0.890241483929 0.119993087721 6.11900921956
0.870199460715 0.359974158224 6.11901527441
0.870199595989 0.359971287974 6.11900940359
0.84387709713 0.599956930373 6.11901527441
0.843877567674 0.599950141871 6.11901092458
0.825634756856 0.839939702522 6.11901527441
0.825635030314 0.839930541722 6.11901343617
0.889516203775 0.119991386075 5.96520813408
0.889516039944 0.119993564767 5.96520214235
0.865306667484 0.359974158224 5.96520813408
0.865306650039 0.359972710406 5.96520205218
0.834829724985 0.599956930373 5.96520813408
0.834829950279 0.599952062995 5.96520283134
0.816807598975 0.839939702522 5.96520813408
0.816807534861 0.839932111322 5.96520436848
0.888807113406 0.119991386075 5.81140099375
0.888806895594 0.119994036203 5.81139508057
0.860474652917 0.359974158224 5.81140099375
0.860474477789 0.359974166333 5.81139484147
0.825712458828 0.599956930373 5.81140099375
0.825712477356 0.599954295837 5.8113950777
0.807375550503 0.839939702522 5.81140099375
0.807375318144 0.83993462889 5.81139577103
0.888300211988 0.119991386075 5.65759385342
0.888299947196 0.119994500815 5.65758803401
0.857063233233 0.359974158224 5.65759385342
0.857062907978 0.359975622073 5.65758777309
0.819432662695 0.599956930373 5.65759385342
0.819432538314 0.599956697401 5.65758770294
0.80133203461 0.839939702522 5.65759385342
0.80133191389 0.839937780039 5.65758782578
0.88806952238 0.119991386075 5.50378671309
0.888069228165 0.119994737594 5.50378094796
0.855626344399 0.359974158224 5.50378671309
0.855625900012 0.359976362407 5.50378072519
0.817217187169 0.599956930373 5.50378671309
0.817216916977 0.599957952842 5.5037805958
0.800470431975 0.839939702522 5.50378671309
0.800470334067 0.83993952733 5.50378056182
0.887685980351 0.119991386075 5.34997957275
0.887685660884 0.1199947524 5.34997381118
0.853054430462 0.359974158224 5.34997957275
0.853053922926 0.359976408529 5.3499735919
0.812517327129 0.599956930373 5.34997957275
0.812516963213 0.599958031383 5.34997346107
0.796049623164 0.839939702522 5.34997957275
0.796049398425 0.839939637957 5.34997342061
0.887367314604 0.119991386075 5.19617243242
0.887366985585 0.119994767197 5.1961666744
0.850836529009 0.359974158224 5.19617243242
0.85083605046 0.359976454595 5.19616645877
0.808162296058 0.599956930373 5.19617243242
0.808162017735 0.599958109849 5.19616632675
0.791053142608 0.839939702522 5.19617243242
0.791053002244 0.839939748592 5.19616628021
0.887449365884 0.119991386075 5.04236529209
0.887449060959 0.119994781984 5.04235953765
0.851308214471 0.359974158224 5.04236529209
0.851307880544 0.359976500606 5.04235932578
0.808731488846 0.599956930373 5.04236529209
0.808731483719 0.599958188235 5.04235919285
0.790716313045 0.839939702522 5.04236529209
0.79071646556 0.839939859221 5.04235914062
0.888085002171 0.119991386075 4.81165458159
0.888084733733 0.119994817126 4.81164308985
0.855535896268 0.359974158224 4.81165458159
0.855535623007 0.359976609829 4.81164268508
0.816327702774 0.599956930373 4.81165458159
0.816327747748 0.599958374356 4.81164241703
0.797476092971 0.839939702522 4.81165458159
0.797476287503 0.839940122288 4.81164228879
0.888365574265 0.119991386075 4.50404030093
0.888365295629 0.119994872529 4.50402883661
0.857248008515 0.359974158224 4.50404030093
0.857247574346 0.359976781667 4.50402846479
0.818825135126 0.599956930373 4.50404030093
0.818824839336 0.599958667205 4.50402819944
0.797944527781 0.839939702522 4.50404030093
0.797944360694 0.839940537118 4.50402804295
0.88806916934 0.119991386075 4.19642602026
0.888068846957 0.1199949278 4.19641458382
0.854975465495 0.359974158224 4.19642602026
0.854974814556 0.359976952601 4.19641424858
0.813610019255 0.599956930373 4.19642602026
0.813609348566 0.599958958391 4.19641399343
0.789874007784 0.839939702522 4.19642602026
0.789873490261 0.839940950384 4.1964138201
0.887140552516 0.119991386075 3.8888117396
0.887140148355 0.119994982934 3.88880033146
0.848408107582 0.359974158224 3.8888117396
0.848407172842 0.359977122573 3.88880003642
0.800340118125 0.599956930373 3.8888117396
0.800339031777 0.599959247637 3.88879979892
0.773611610655 0.839939702522 3.8888117396
0.773610772803 0.839941361308 3.88879962013
0.885612839286 0.119991386075 3.58119745894
0.885612335084 0.119994988557 3.58118605371
0.837748886189 0.359974158224 3.58119745894
0.837747710782 0.359977139873 3.58118576298
0.779315052225 0.599956930373 3.58119745894
0.779313656289 0.599959277054 3.5811855277
0.749226891029 0.839939702522 3.58119745894
0.749225739694 0.839941403108 3.58118534899
0.884080753908 0.119991386075 3.27358317827
0.884080176099 0.119994944705 3.27357175045
0.826655144328 0.359974158224 3.27358317827
0.826653895538 0.359977004777 3.27357142714
0.755985287449 0.599956930373 3.27358317827
0.755983857241 0.59995904722 3.27357117661
0.718173474346 0.839939702522 3.27358317827
0.718172169084 0.839941076554 3.27357100041
0.882883712823 0.119991386075 2.96596889761
0.882883091463 0.119994900766 2.96595744747
0.817601304249 0.359974158224 2.96596889761
0.817600095108 0.359976869059 2.96595709387
0.735612203042 0.599956930373 2.96596889761
0.73561094807 0.599958816104 2.96595683279
0.687604112788 0.839939702522 2.96596889761
0.687602947942 0.839940748368 2.96595666628
0.882286099529 0.119991386075 2.65835461694
0.882285478844 0.119994856743 2.65834314476
0.812647436765 0.359974158224 2.65835461694
0.812646404433 0.359976732751 2.65834276317
0.723031049366 0.599956930373 2.65835461694
0.723030203402 0.599958583845 2.65834249628
0.665257046684 0.839939702522 2.65835461694
0.665256348805 0.839940418939 2.65834234669
0.882425914455 0.119991386075 2.42764390645
0.882425315152 0.119994875156 2.42763817495
0.812959417788 0.359974158224 2.42764390645
0.812958495655 0.359976789803 2.42763798986
0.721268904118 0.599956930373 2.42764390645
0.721268297585 0.599958681068 2.42763785734
0.656650873963 0.839939702522 2.42764390645
0.656650553367 0.839940556779 2.42763777857
0.882748264843 0.119991386075 2.27383676611
0.882747672945 0.119994955856 2.27383105506
0.814730922199 0.359974158224 2.27383676611
0.814729959676 0.359977039167 2.27383089744
0.723051835581 0.599956930373 2.27383676611
0.723051162322 0.599959105751 2.27383077389
0.653995107947 0.839939702522 2.27383676611
0.653994848888 0.839941159706 2.27383068513
0.883235318883 0.119991386075 2.12002962578
0.883234748744 0.119995036264 2.12002393565
0.817846913634 0.359974158224 2.12002962578
0.817845962269 0.359977286412 2.12002380933
0.728186548104 0.599956930373 2.12002962578
0.728185882985 0.599959525991 2.12002370267
0.657158338783 0.839939702522 2.12002962578
0.657158194229 0.8399417568 2.12002361603
0.883988852521 0.119991386075 1.96622248545
0.883988325085 0.119995116374 1.9662168167
0.82303085879 0.359974158224 1.96622248545
0.823029985203 0.359977531356 1.96621672551
0.738147902472 0.599956930373 1.96622248545
0.738147337844 0.599959940928 1.96621664356
0.667983146503 0.839939702522 1.96622248545
0.667983183829 0.839942345671 1.96621657098
0.885157793102 0.119991386075 1.81241561783
0.885157355305 0.119995121997 1.81240995062
0.831376316033 0.359974158224 1.81241616324
0.831375729462 0.359977548493 1.8124104075
0.755288039309 0.599956930373 1.81241670866
0.755287945805 0.599959969891 1.81241087304
0.689736104581 0.839939702522 1.81241725407
0.689736735648 0.839942386717 1.81241134736
0.886899937946 0.119991386075 1.65860902291
0.886899625512 0.119995053193 1.65860333729
0.844140432816 0.359974158224 1.65861065916
0.844140214859 0.359977338293 1.65860485436
0.782646178113 0.599956930373 1.6586122954
0.782646643384 0.599959614014 1.65860638855
0.72748648398 0.839939702522 1.65861393165
0.727487748957 0.839941881817 1.65860794017
0.888784392008 0.119991386075 1.50480242799
0.888784190972 0.119994984167 1.5047967243
0.858105879396 0.359974158224 1.50480515507
0.858105882501 0.359977126367 1.50479930437
0.81312064088 0.599956930373 1.50480788215
0.813121325829 0.599959254088 1.50480191297
0.770912279984 0.839939702522 1.50481060922
0.770913696251 0.839941370475 1.50480455069
0.890307899175 0.119991386075 1.35099583308
0.890307766522 0.119994914924 1.35099011166
0.869497804438 0.359974158224 1.35099965098
0.869497824221 0.359976912828 1.35099375755
0.838321434173 0.599956930373 1.35100346889
0.838321940868 0.599958890657 1.35099744639
0.807676686686 0.839939702522 1.3510072868
0.807677722703 0.839940854201 1.35100117912
0.891059261806 0.119991386075 1.23154986239
0.891059149375 0.119994796121 1.23154668102
0.875229388478 0.359974158224 1.2315536803
0.875229315313 0.359976544564 1.23155038372
0.851379501946 0.599956930373 1.23155749821
0.851379695769 0.599958263136 1.23155412769
0.827659021471 0.839939702522 1.23156131612
0.82765954473 0.839939965025 1.23155791385
0.891312248083 0.119991386075 1.14646451594
0.891312141189 0.119994627023 1.14646131241
0.877354671959 0.359974158224 1.14646724302
0.877354560903 0.35997601724 1.14646390402
0.856861975466 0.599956930373 1.1464699701
0.856862050958 0.599957365986 1.14646657011
0.837579329829 0.839939702522 1.14647269717
0.837579662687 0.839938705015 1.14646931204
0.891229825837 0.119991386075 1.06137916949
0.891229710338 0.119994456783 1.06137594493
0.877133070193 0.359974158224 1.06138080574
0.877132923915 0.359975484018 1.06137743491
0.857691410713 0.599956930373 1.06138244198
0.857691412214 0.599956464999 1.06137904248
0.842037214501 0.839939702522 1.06138407823
0.842037420897 0.839937462216 1.06138076866
0.890907868137 0.119991386075 0.976293823042
0.890907737167 0.119994285459 0.976290578591
0.875324933354 0.359974158224 0.976294368457
0.875324775323 0.359974946589 0.976290976499
0.85569514854 0.599956930373 0.976294913873
0.85569513781 0.599955568111 0.976291544815
0.844056167347 0.839939702522 0.976295459288
0.844056286939 0.839936258073 0.976292282392
0.890483896673 0.119991386075 0.8912087493
0.890483750359 0.119994270457 0.891205503183
0.872919189491 0.359974158224 0.8912087493
0.87291904736 0.359974899538 0.891205356071
0.852929191469 0.599956930373 0.8912087493
0.852929207041 0.599955490286 0.891205384424
0.846311554439 0.839939702522 0.8912087493
0.846311566243 0.839936155501 0.891205586774
0.890271435931 0.119991386075 0.806123948265
0.890271283492 0.119994412025 0.806120718389
0.871814383196 0.359974158224 0.806123948265
0.871814262998 0.359975343634 0.806120570923
0.852102897261 0.599956930373 0.806123948265
0.85210295749 0.599956229437 0.806120553958
0.84908753764 0.839939702522 0.806123948265
0.849087545211 0.839937142325 0.806120668151
0.890325615769 0.119991386075 0.72103914723
0.890325469658 0.119994552867 0.721035934371
0.872403300843 0.359974158224 0.72103914723
0.87240321561 0.359975785166 0.721035793076
0.854020166022 0.599956930373 0.72103914723
0.854020302313 0.599956972796 0.721035743871
0.853396901774 0.839939702522 0.72103914723
0.853397026982 0.839938159262 0.721035788109
0.890656335172 0.119991386075 0.635954346195
0.890656210189 0.119994692947 0.635951151126
0.874824231726 0.359974158224 0.635954346195
0.874824204549 0.359976223181 0.635951022481
0.85920179695 0.599956930373 0.635954346195
0.859202042984 0.599957715901 0.635950954218
0.860528271315 0.839939702522 0.635954346195
0.860528597123 0.83993919435 0.635950947576
0.358733238417 1.65226775086 -0.0239982772149
0.358733435567 1.652270753 -0.0240059340501
0.33646199162 1.815210599 -0.119991386075
0.336462528174 1.81521313191 -0.119999320551
0.339230019637 1.97815344713 -0.215984494934
0.339230862575 1.97815549488 -0.215992686706
0.375566002882 2.14109629527 -0.311977603794
0.375566923119 2.14109784488 -0.311986027924
0.387028849991 1.65158598162 -0.189804556154
0.387029586009 1.65158844104 -0.189812289036
0.363680487119 1.81316529128 -0.294524311274
0.363681696641 1.81316690971 -0.294532147609
0.363661542755 1.97474460094 -0.399244066394
0.363662930176 1.97474534786 -0.399251899829
0.392004058838 2.1363239106 -0.503963821513
0.392005092051 2.13632377173 -0.503971534428
0.425432437093 1.65090421238 -0.355610835094
0.425433704201 1.6509061188 -0.35561852697
0.405600732965 1.81111998356 -0.469057236473
0.405602628054 1.81112066841 -0.469064710176
0.406081177203 1.97133575474 -0.582503637853
0.406083219173 1.97133519185 -0.582510649717
0.428561252566 2.13155152592 -0.695950039233
0.428562796025 2.13154973616 -0.695956337516
0.471160311634 1.65022244315 -0.521417114033
0.471162044349 1.65022379088 -0.521424646308
0.461163014586 1.80907467585 -0.643590161673
0.461165496573 1.8090744283 -0.643597013124
0.467977898413 1.96792690855 -0.765763209313
0.467980517315 1.96792508108 -0.765768969287
0.491373321849 2.12677914125 -0.887936256952
0.49137541574 2.12677584926 -0.887940538878
0.522609636856 1.64954067391 5.59596191421
0.522611800584 1.64954199042 5.59595431807
0.52719783501 1.80702936813 5.46506222031
0.527200436001 1.8070291246 5.46505537573
0.545616260049 1.96451806235 5.33416252641
0.545618798619 1.96451627348 5.33415683178
0.577853494791 2.12200675658 5.20326283251
0.577855471731 2.1220035322 5.20325865949
0.579945668329 1.64885890467 5.43015563527
0.579947845315 1.64886070522 5.43014765946
0.587273086629 1.80498406041 5.29052929511
0.587275272584 1.80498473338 5.2905216904
0.606842142853 1.96110921616 5.15090295495
0.60684404295 1.9611087385 5.15089594095
0.639139142173 2.1172343719 5.01127661479
0.639140506797 2.11723275938 5.01127041433
0.63099537152 1.64817713543 5.26434935633
0.630996920098 1.6481793994 5.26434099975
0.631284264794 1.80293875269 5.11599636991
0.631285599991 1.80294031187 5.1159880672
0.642051103348 1.95770036996 4.96764338349
0.64205202467 1.95770120195 4.96763521639
0.665837258156 2.11246198723 4.81929039707
0.665837678057 2.1124620799 4.81928245404
0.661945286741 1.64749536619 5.09854307739
0.661945662834 1.64749807007 5.09853434304
0.65093512518 1.80089344498 4.94146344471
0.650935152343 1.80089584146 4.94145452402
0.646607946037 1.95429152377 4.78438381203
0.646607510759 1.95429360569 4.78437471106
0.656981423364 2.10768960255 4.62730417935
0.656980658814 2.10769136366 4.62729490595
0.663828203055 1.64492236908 4.95891673723
0.663827751505 1.64492562536 4.95890936546
0.64381903697 1.79317445365 4.79965544298
0.643818367832 1.7931762979 4.79964892253
0.622867476257 1.94142653823 4.64039414874
0.622866498336 1.94142683478 4.64038878373
0.618776523872 2.0896786228 4.4811328545
0.618775109246 2.08967733023 4.48112888612
0.65988629116 1.6404581441 4.84547033585
0.65988609414 1.64046179175 4.84546279926
0.640507588811 1.77978177872 4.69057236473
0.640507010626 1.77978431393 4.69056535992
0.609406194917 1.91910541334 4.53567439362
0.609405574213 1.91910668643 4.53566817876
0.593105572865 2.05842904796 4.38077642251
0.593104934736 2.05842897006 4.38077122051
0.661540914775 1.63599391913 4.73202393447
0.66154132343 1.63599782254 4.73201640254
0.647615649251 1.76638910379 4.58148928649
0.647615228574 1.76639216806 4.5814820251
0.611828785371 1.89678428845 4.4309546385
0.61182833342 1.89678637015 4.43094785184
0.585717544907 2.02717947311 4.28041999052
0.585717415391 2.02718046485 4.28041386526
0.67625364864 1.63152969415 4.61857753309
0.676254627279 1.63153372244 4.61857017068
0.666260712434 1.75299642886 4.47240620824
0.666260443725 1.75299985773 4.4723989193
0.628891229178 1.87446316356 4.32623488338
0.628890799635 1.87446586913 4.32622781738
0.595170286869 1.99592989827 4.18006355853
0.595170335103 1.99593177578 4.18005685765
0.703645234329 1.62870035181 4.50513113171
0.7036459344 1.62870442322 4.50512399524
0.692980409727 1.74450840183 4.36332312999
0.692979950555 1.744512114 4.36331598078
0.655931813461 1.86031645185 4.22151512826
0.655931192851 1.8603197285 4.22150811132
0.617386919572 1.97612450188 4.07970712654
0.617386764942 1.9761272752 4.07970038152
0.707249940312 1.6275058921 4.39168473033
0.70725045367 1.62750989435 4.3916777585
0.704097044278 1.74092502271 4.25424005174
0.704096455591 1.74092861379 4.25423303979
0.673023891904 1.85434415332 4.11679537314
0.673023135272 1.85434723356 4.11678851287
0.636139055807 1.96776328393 3.97935069455
0.636138781335 1.96776576723 3.97934416966
0.694655945156 1.62631143239 4.27823832895
0.694656799702 1.62631536466 4.27823152325
0.703007321924 1.73734164359 4.14515697349
0.703006856368 1.73734511446 4.14515009732
0.680165906249 1.84837185479 4.01207561802
0.680165164315 1.84837473921 4.01206891513
0.649961906526 1.95940206598 3.87899426256
0.649961720861 1.95940425931 3.87898796512
0.681638670898 1.62511697269 4.16479192757
0.681640059862 1.62512083415 4.16478528948
0.697986031907 1.73375826447 4.03607389524
0.697985762219 1.73376161606 4.03606715326
0.680976608093 1.84239955625 3.9073558629
0.68097594386 1.84240224595 3.90734931752
0.66013897787 1.95104084803 3.77863783057
0.660139020483 1.95104275291 3.77863176631
0.678692068306 1.62332664666 3.9946223255
0.678693413464 1.6233302387 3.99461355633
0.693665439031 1.7283872864 3.87244927786
0.693664974299 1.72839027006 3.87243986436
0.67773362574 1.83344792614 3.75027623022
0.677732916633 1.83345013653 3.75026661962
0.666871375356 1.93850856588 3.62810318258
0.666871541227 1.93850987674 3.62809381081
0.666652663136 1.62094045433 3.76772952274
0.666653241081 1.6209435999 3.76772043542
0.676993303011 1.72122870939 3.65428312136
0.676992540338 1.72123124953 3.65427365593
0.66661940987 1.82151696446 3.54083671998
0.666618705196 1.82151878183 3.54082722972
0.665450904219 1.92180521953 3.4273903186
0.665450930526 1.9218062262 3.42738114181
0.647708675126 1.61855426199 3.54083671998
0.64770858694 1.61855694197 3.54082739959
0.653951521295 1.71407013238 3.43611696486
0.653950767926 1.71407223131 3.43610749174
0.651471599167 1.80958600278 3.33139720974
0.651471037924 1.80958744089 3.33138785215
0.657363354986 1.90510187317 3.22667745462
0.657363182117 1.90510259197 3.22666846568
0.628968676545 1.61616806965 3.31394391722
0.628968379777 1.61617027626 3.31393444437
0.634223195452 1.70691155537 3.21795080836
0.634222758605 1.70691322232 3.21794136731
0.637536782147 1.79765504109 3.1219576995
0.637536435031 1.7976561172 3.12194848391
0.645232774679 1.88839852681 3.02596459065
0.645232411479 1.88839897539 3.02595578104
0.615186833106 1.61616806965 3.08705111446
0.615186670086 1.61617033166 3.08704176682
0.623991553494 1.70691155537 2.99978465187
0.623991289643 1.70691373991 2.99977541206
0.627487832919 1.79765504109 2.91251818927
0.627487429209 1.7976571503 2.91250914905
0.630508751573 1.88839852681 2.82525172667
0.630508163289 1.88840056112 2.82524297245
0.598047016092 1.61855426199 2.86015831171
0.598046955933 1.61855680325 2.86014935473
0.610231213731 1.71407013238 2.78161849537
0.610230882006 1.71407277415 2.78160975281
0.612086748491 1.80958600278 2.70307867903
0.612086199139 1.80958874831 2.7030701605
0.610891800193 1.90510187317 2.62453886269
0.610891157506 1.90510472562 2.6245305776
0.578985611401 1.62094045433 2.63326550895
0.578985777256 1.62094328317 2.63325700082
0.594757341478 1.72122870939 2.56345233887
0.594757145196 1.72123180532 2.56344428728
0.596453845639 1.82151696446 2.49363916879
0.59645343199 1.82152030672 2.49363156827
0.593257515373 1.92180521953 2.42382599871
0.59325709104 1.92180878619 2.42381884162
0.561649160192 1.62332664666 2.40637270619
0.561649646817 1.62332976973 2.40636470221
0.582695059839 1.7283872864 2.34528618237
0.582695242647 1.72839082296 2.34527899839
0.588389566097 1.83344792614 2.28419965855
0.588389546212 1.83345179579 2.28419332396
0.585891864019 1.93850856588 2.22311313473
0.585891718549 1.9385126812 2.22310766297
0.549633621753 1.62511697269 2.23620310412
0.549634499938 1.62512042412 2.23619858914
0.577192908143 1.73375826447 2.18166156499
0.577193502914 1.73376207905 2.18165746748
0.590944599492 1.84239955625 2.12712002587
0.590944833269 1.84240364758 2.12711637647
0.591243095398 1.95104084803 2.07257848674
0.591242851854 1.95104512351 2.0725753058
0.54363523593 1.62631143239 2.12275670274
0.543636280981 1.62631527393 2.12275265802
0.569921856388 1.73734164359 2.07257848674
0.569922424685 1.7373457276 2.07257482068
0.583171755192 1.84837185479 2.02240027075
0.583171836905 1.8483761239 2.0223969881
0.583311122829 1.95940206598 1.97222205475
0.583310738994 1.9594064603 1.9722191552
0.540485891736 1.6275058921 2.00931030136
0.540486820952 1.62751007372 2.00930681535
0.559955226073 1.74092502271 1.96349540849
0.559955566346 1.74092934612 1.96349222202
0.567485083546 1.85434415332 1.91768051563
0.56748500049 1.85434858636 1.91767762106
0.566435951296 1.96776328393 1.87186562276
0.566435639978 1.96776779366 1.87186301063
0.536773970042 1.62870035181 1.89586389998
0.536774585754 1.62870481521 1.895861047
0.548165739088 1.74450840183 1.85441233024
0.54816585938 1.74451293077 1.85440966406
0.551020707047 1.86031645185 1.81296076051
0.551020604289 1.86032103349 1.81295827231
0.550877553674 1.97612450188 1.77150919077
0.550877483281 1.97612912325 1.77150687139
0.530398713216 1.63098427876 1.78242131651
0.530398930425 1.63098877081 1.78241819248
0.535450019017 1.75136018268 1.74533197907
0.535449926787 1.75136480588 1.74532898668
0.537105262409 1.87173608661 1.70824264164
0.537105039195 1.87174083013 1.70823977592
0.539740435506 1.99211199053 1.6711533042
0.539740301042 1.99211684345 1.67115056012
0.526197409499 1.63435767295 1.66898255094
0.526197446137 1.63436146201 1.66897848333
0.52287837886 1.76148036527 1.63625435498
0.52287778284 1.7614843825 1.63625043823
0.511910573352 1.88860305758 1.60352615901
0.511909479445 1.88860729688 1.60352239037
0.504843947883 2.0157257499 1.57079796304
0.504842775199 2.01573020506 1.57079433969
0.523049965949 1.63773106715 1.55554378538
0.523049908499 1.63773353816 1.55553921013
0.511485904589 1.77160054785 1.52717673088
0.511485114124 1.77160330106 1.52717232023
0.48359996161 1.90547002856 1.49880967638
0.48359851652 1.90547306168 1.49880542932
0.460772617524 2.03933950926 1.47044262188
0.460770910864 2.03934281998 1.47043853736
0.518568065715 1.64110446134 1.44210501981
0.518567839869 1.6411051276 1.44210041179
0.502289800587 1.78172073044 1.41809910678
0.502289368882 1.7817216857 1.41809467047
0.464356525346 1.92233699953 1.39409319375
0.464355936913 1.9223382436 1.39408892907
0.429765569831 2.06295326863 1.37008728072
0.429764787439 2.06295480127 1.37008318761
0.507506491926 1.64340475075 1.30247963413
0.507505942846 1.64340048413 1.30247594998
0.492198171121 1.78862159867 1.27629178683
0.492199455694 1.78861611181 1.27629523088
0.459311817708 1.93383844659 1.25010393953
0.459312438322 1.93383755357 1.25011134115
0.424990415589 2.07905529451 1.22391609222
0.424989589466 2.07905994869 1.22391945719
0.475931229251 1.64463193539 1.13666762833
0.475930184897 1.64462824059 1.13666337063
0.462035335683 1.79230315257 1.10175477101
0.462036001825 1.79229727745 1.10175559297
0.438169583698 1.93997436975 1.0668419137
0.438171153791 1.93996977933 1.06684781227
0.410076219751 2.08764558693 1.03192905638
0.410077090708 2.08764499266 1.03193678826
0.43289718729 1.64585912002 0.97085562253
0.432895909327 1.64585610191 0.970850805557
0.420111561106 1.79598470646 0.927217755199
0.420111151317 1.79597958127 0.927215772392
0.405626719729 1.9461102929 0.883579887868
0.405627342078 1.94610429133 0.883581543568
0.387505884979 2.09623587934 0.839942020538
0.387507042784 2.09623044385 0.83994723215
0.390937920297 1.64708630465 0.805043616729
0.390936780814 1.64708405552 0.805038258334
0.379341960532 1.79966626035 0.752680739384
0.379340960242 1.79966291408 0.752676184064
0.373412769114 1.95224621605 0.70031786204
0.373412141253 1.95224190798 0.700314413077
0.368369276024 2.10482617175 0.647954984695
0.368369212916 2.10482107606 0.647952917628
0.36130070265 1.64831348928 0.639233519881
0.361299934988 1.64831226848 0.639227527831
0.350877503888 1.80334781424 0.578145087108
0.350876671179 1.80334627455 0.578139029799
0.351566805109 1.9583821392 0.517056654334
0.351566070376 1.95838028419 0.517050573148
0.361895900419 2.11341646416 0.45596822156
0.361895604369 2.11341429802 0.455962161109
0.343983607123 1.64954067391 0.473425331988
0.343983139135 1.64954074432 0.473418690243
0.332434100603 1.80702936813 0.40361079837
0.332433556332 1.80702915208 0.403603989551
0.337435341487 1.96451806235 0.333796264752
0.337434845891 1.96451755995 0.333789316686
0.362787983348 2.12200675658 0.263981731133
0.362787837723 2.12200596827 0.263974674755
0.337921746826 1.65076785854 0.307617144095
0.337921536192 1.65076925791 0.307609997807
0.323370507092 1.81071092202 0.229076509632
0.323370309048 1.81071208192 0.229069118417
0.330221361341 1.9706539855 0.150535875169
0.330221303492 1.97065490426 0.150528254318
0.366920986335 2.13059704899 0.0719952407063
0.366921291609 2.13059772508 0.0719874081571
0.34280120338 1.65199504317 0.141808956201
0.342801129948 1.65199775024 0.141801475852
0.324296918054 1.81439247591 0.0545422208941
0.324297028717 1.81439499912 0.054534445341
0.330347183467 1.97678990866 -0.0327245144134
0.330347615374 1.97679224597 -0.0327325804536
0.37145011742 2.1391873414 -0.119991249721
0.371450958622 2.13918949077 -0.119999599521
0.586144968249 1.03628924337 0.485009682191
0.586144611487 1.03628999995 0.485005273527
0.538753952121 1.18900555292 0.353292137912
0.538753421096 1.18900698614 0.353286479909
0.468278392979 1.34172186247 0.221574593633
0.468277961929 1.34172395416 0.221567798304
0.400917989624 1.49443817202 0.0898570493543
0.400917853365 1.49444089566 0.0898492616353
0.576615298504 1.03628924337 0.390378202855
0.576614619506 1.03629040529 0.390373339306
0.53875579769 1.18900555292 0.239571665298
0.538755230796 1.18900716957 0.239565682226
0.484541014896 1.34172186247 0.088765127741
0.484540876915 1.34172392441 0.0887580909852
0.429205859045 1.49443817202 -0.062041409816
0.429206169826 1.49444066719 -0.0620494197541
0.562961552695 1.03628924337 0.29574672352
0.562960808487 1.03629080539 0.295741326366
0.536526980062 1.18900555292 0.125851192684
0.536526498564 1.18900735145 0.125844844633
0.501254237509 1.34172186247 -0.044044338151
0.501254339794 1.3417238946 -0.0440516086998
0.462018502797 1.49443817202 -0.213939868986
0.462019167324 1.49444043445 -0.213948029787
0.550775670035 1.03628924337 0.201115244184
0.55077507624 1.03629119843 0.20110923865
0.533579291381 1.18900555292 0.0121307200706
0.533578966543 1.1890075316 0.0121239678933
0.516021245549 1.34172186247 -0.176853804043
0.516021491136 1.34172386474 -0.176861300731
0.495143756557 1.49443817202 -0.365838328157
0.495144647464 1.49444019784 -0.365846567186
0.547571325937 1.03628924337 0.106485673803
0.547571355084 1.03629128912 0.106479319952
0.535797700662 1.18900555292 -0.101588389005
0.535798195003 1.18900758821 -0.101595450877
0.532035397115 1.34172186247 -0.309662451812
0.532036462085 1.34172388729 -0.309670222606
0.529012310471 1.49443817202 -0.517736514619
0.529013894973 1.49444018637 -0.517744995229
0.564061228242 1.03628924337 0.011858012375
0.564062026628 1.0362910819 0.0118516679622
0.56359856354 1.18900555292 -0.215306134541
0.563600052822 1.18900752248 -0.215313370043
0.572977709079 1.34172186247 -0.442470281458
0.572979701252 1.34172396205 -0.442478393247
0.580871022091 1.49443817202 -0.669634428374
0.58087317332 1.49444040055 -0.669643400469
0.591378839323 1.03628924337 -0.0827696490527
0.591380010155 1.03629087234 -0.0827759238075
0.604123132596 1.18900555292 -0.329023880078
0.604124910156 1.1890074565 -0.329031271807
0.6229688967 1.34172186247 -0.575278111104
0.622970906167 1.34172403645 -0.575286581163
0.634799868901 1.49443817202 -0.821532342129
0.634801687577 1.49444061162 -0.821541846323
0.618023702177 1.03628924337 -0.17739731048
0.618024748702 1.03629066069 -0.177403454892
0.639324539345 1.18900555292 -0.442741625615
0.639325821296 1.18900739027 -0.442749156085
0.659710256525 1.34172186247 -0.70808594075
0.659711346132 1.34172411049 -0.708094786203
0.66952507336 1.49443817202 -0.973430255884
0.669525746087 1.49444081927 -0.973440331232
0.632197794808 1.03628924337 5.98395678816
0.632198189891 1.03629073568 5.98394836788
0.651942297683 1.18900555292 5.71383981564
0.651942477869 1.18900782059 5.71383062381
0.663663018342 1.34172186247 5.44372284312
0.663662782805 1.34172486512 5.44371300566
0.668144615991 1.49443817202 5.17360587061
0.668144196691 1.49444185619 5.1735955127
0.627581142792 1.03628924337 5.8349220325
0.627581100125 1.03629203288 5.83491196937
0.640691572426 1.18900555292 5.57434982933
0.640691088166 1.18900888658 5.57433946578
0.644520944549 1.34172186247 5.31377762616
0.644520273644 1.34172570492 5.31376702926
0.65005350181 1.49443817202 5.05320542299
0.650053237782 1.49444248251 5.05319465573
0.610177398335 1.03628924337 5.68588727684
0.610177184453 1.03629318642 5.68587624232
0.619090321639 1.18900555292 5.43485984302
0.61908978429 1.1890098237 5.43484883358
0.622184812402 1.34172186247 5.18383240919
0.622184508016 1.34172643853 5.18382144404
0.63524742094 1.49443817202 4.93280497537
0.635247982323 1.4944430293 4.93279407072
0.58706176447 1.03628924337 5.53685252118
0.587061767275 1.03629413687 5.53684121508
0.601208314234 1.18900555292 5.29536985671
0.60120846765 1.18901059573 5.29535873379
0.615510228852 1.34172186247 5.05388719223
0.615510998742 1.34172704568 5.05387624565
0.640954553682 1.49443817202 4.81240452775
0.640956188596 1.49444348648 4.81239374963
0.571205831392 1.03628924337 5.38781776552
0.571206869191 1.03629468411 5.38780679195
0.600921372899 1.18900555292 5.15587987039
0.600922719013 1.18901103044 5.15586908147
0.634721800852 1.34172186247 4.92394197527
0.634723366518 1.34172737578 4.92393136374
0.671795591479 1.49443817202 4.69200408014
0.671797286403 1.49444372013 4.69199363867
0.591650152757 1.03628924337 5.23878300986
0.591651890676 1.0362949604 5.23877258429
0.619457760623 1.18900555292 5.01638988408
0.619458964487 1.18901124081 5.01637956615
0.642189037571 1.34172186247 4.7939967583
0.64218991968 1.34172752022 4.79398655929
0.671126054796 1.49443817202 4.57160363252
0.671127132283 1.49444379863 4.57159356364
0.627088722758 1.03628924337 5.0897482542
0.627090397168 1.03629516507 5.08973853729
0.640849960372 1.18900555292 4.87689989777
0.640850103412 1.18901140987 4.8768901495
0.636125184937 1.34172186247 4.66405154134
0.636124961888 1.34172764528 4.66404180662
0.648095778015 1.49443817202 4.4512031849
0.64809658689 1.49444387143 4.45119350826
0.648828818163 1.03628924337 4.94071349855
0.64882997656 1.03629529557 4.94070463294
0.648026864826 1.18900555292 4.73740991146
0.648025975287 1.18901153637 4.73740082213
0.622852255784 1.34172186247 4.53410632437
0.622851317989 1.34172775053 4.53409710169
0.624659003634 1.49443817202 4.33080273728
0.624660012225 1.49444393847 4.33079347141
0.635687857535 1.03628924337 4.71716136506
0.635688443454 1.03629529663 4.71715227216
0.630735434231 1.18900555292 4.52817493199
0.630734499674 1.18901151651 4.5281651346
0.610454197681 1.34172186247 4.33918849892
0.610453622601 1.34172769474 4.33917818994
0.619224953601 1.49443817202 4.15020206586
0.619226378043 1.49444383224 4.15019143902
0.615672079375 1.03628924337 4.41909185374
0.615672518181 1.03629517084 4.41908237715
0.617426113153 1.18900555292 4.24919495937
0.617425689752 1.18901132254 4.24918487472
0.609760541093 1.34172186247 4.07929806499
0.609760495282 1.34172742695 4.07928758541
0.621824618557 1.49443817202 3.90940117062
0.621825784477 1.49444348575 3.9093905078
0.597340741384 1.03628924337 4.12102234242
0.597341321427 1.03629497418 4.12101255512
0.609635013916 1.18900555292 3.97021498674
0.609635095957 1.18901105053 3.970204693
0.613358112717 1.34172186247 3.81940763106
0.613358317003 1.34172707461 3.81939706257
0.623642558613 1.49443817202 3.66860027538
0.623643135472 1.49444304916 3.66858965949
0.583036082907 1.03628924337 3.82295283111
0.583036874251 1.03629470901 3.82294279237
0.602592753103 1.18900555292 3.69123501412
0.602593004576 1.18901070416 3.69122457321
0.611398016648 1.34172186247 3.55951719713
0.611398015787 1.34172664309 3.55950660231
0.618224673486 1.49443817202 3.42779938015
0.618224609913 1.49444252987 3.4277888717
0.565491669976 1.03628924337 3.52488331979
0.565491966648 1.03629459246 3.52487361695
0.585790522472 1.18900555292 3.4122550415
0.585790071431 1.18901055105 3.41224493966
0.593057782437 1.34172186247 3.2996267632
0.593057110047 1.34172645084 3.29961651654
0.599983293803 1.49443817202 3.18699848491
0.599982880082 1.49444229665 3.18698833818
0.50266300063 1.03628924337 3.22681380847
0.502662920707 1.03629467099 3.2268050133
0.532648777074 1.18900555292 3.13327506887
0.53264811161 1.18901064152 3.13326577829
0.552694439463 1.34172186247 3.03973632927
0.552693804486 1.34172655103 3.03972679378
0.572711767594 1.49443817202 2.94619758968
0.572711568479 1.49444240431 2.94618805179
0.421183848387 1.03628924337 2.92874429716
0.421184150091 1.03629474549 2.92873643534
0.464926143218 1.18900555292 2.85429509625
0.464926166732 1.18901072849 2.8542866455
0.505162136053 1.34172186247 2.77984589534
0.505162230889 1.34172664824 2.77983710177
0.543725075003 1.49443817202 2.70539669444
0.543725389105 1.4944425095 2.70538779757
0.358770582145 1.03628924337 2.63067478584
0.358771711845 1.03629481588 2.63066788134
0.411523603978 1.18900555292 2.57531512363
0.411524766084 1.18901081189 2.57530753984
0.467404969809 1.34172186247 2.51995546141
0.467406082501 1.34172674241 2.51994743926
0.520032750023 1.49443817202 2.4645957992
0.520033657048 1.49444261215 2.46458757452
0.343275130138 1.03628924337 2.40712265235
0.343276676269 1.03629501791 2.40711915591
0.393742160912 1.18900555292 2.36608014416
0.393744012768 1.18901106469 2.36607625734
0.452153536125 1.34172186247 2.32503763597
0.452155324683 1.34172704058 2.32503348678
0.507491717846 1.49443817202 2.28399512778
0.507493089898 1.49444294986 2.28399084288
0.339944028879 1.03628924337 2.25808789669
0.33994530765 1.03629525343 2.25808559039
0.385386022146 1.18900555292 2.22659015785
0.385388077792 1.18901139594 2.22658732524
0.44530013302 1.34172186247 2.195092419
0.445302326503 1.3417274598 2.19508918282
0.502918224683 1.49443817202 2.16359468016
0.502919951124 1.49444344832 2.16359116498
0.342683280661 1.03628924337 2.10905314103
0.342684203384 1.03629534971 2.10905209903
0.383486369827 1.18900555292 2.08710017154
0.383488556754 1.18901159638 2.08709848979
0.444827790838 1.34172186247 2.06514720204
0.444830294365 1.34172775803 2.06514499364
0.503793017499 1.49443817202 2.04319423254
0.503794922527 1.49444383673 2.04319161583
0.353787418617 1.03628924337 1.96001838537
0.353788024204 1.03629530451 1.96001863501
0.39161915808 1.18900555292 1.94761018522
0.391621308952 1.18901166154 1.94760970858
0.452291843647 1.34172186247 1.93520198507
0.452294400488 1.34172792882 1.93520088152
0.508385270401 1.49443817202 1.92279378492
0.508387061756 1.49444410698 1.92279216243
0.381722128654 1.03628924337 1.81098608409
0.381722697823 1.03629535153 1.81098604549
0.415183344546 1.18900555292 1.8081231987
0.415185391406 1.18901162659 1.80812248856
0.468021875784 1.34172186247 1.80526031331
0.468024120111 1.34172781456 1.80525903256
0.513549676866 1.49443817202 1.80239742792
0.513550939339 1.4944439172 1.80239568387
0.450227215846 1.03628924337 1.66195623717
0.450228211243 1.03629495227 1.66195436597
0.459303150408 1.18900555292 1.66863921195
0.459304738229 1.18901097678 1.66863688257
0.484473741161 1.34172186247 1.67532218674
0.484475027476 1.34172693054 1.67531950687
0.511554835276 1.49443817202 1.68200516153
0.511555420077 1.4944428182 1.68200223836
0.527948607389 1.03628924337 1.51292639024
0.527949604362 1.03629375324 1.51292284869
0.505381495239 1.18900555292 1.52915522521
0.505382285653 1.18900958908 1.52915146613
0.497517626311 1.34172186247 1.54538406018
0.497517961318 1.34172537726 1.54538018271
0.505609337474 1.49443817202 1.56161289514
0.505609435964 1.49444112394 1.56160899275
0.575629783842 1.03628924337 1.36389654332
0.575629633718 1.03629192241 1.36389163816
0.531954989092 1.18900555292 1.38967123847
0.531954840322 1.18900765229 1.38966635328
0.504055580641 1.34172186247 1.41544593361
0.504055500135 1.34172335985 1.41544114738
0.500612512381 1.49443817202 1.44122062876
0.500612465269 1.49443905148 1.44121601167
0.569066102717 1.03628924337 1.24206451666
0.569064186567 1.03629457239 1.24206339908
0.526712190677 1.18900555292 1.26306709984
0.526711190067 1.18900937464 1.26306407665
0.502098937978 1.34172186247 1.28406968302
0.502098598664 1.34172361996 1.28406483676
0.49754927602 1.49443817202 1.30507226619
0.497548850245 1.49443760916 1.30506613846
0.569915442896 1.03628924337 1.14743031025
0.569914417656 1.03629341237 1.14742759568
0.52780058636 1.18900555292 1.14934280932
0.527800124938 1.18900824339 1.149338759
0.496130095085 1.34172186247 1.15125530839
0.496129631069 1.34172284187 1.1512500768
0.479081561791 1.49443817202 1.15316780745
0.479080597398 1.49443735571 1.15316177555
0.581070066618 1.03628924337 1.05279610383
0.581069829963 1.03629185772 1.05279238858
0.53491776157 1.18900555292 1.03561851879
0.534917576156 1.18900698262 1.03561393535
0.486523356782 1.34172186247 1.01844093375
0.486522837126 1.34172204705 1.01843560284
0.44938638381 1.49443817202 1.00126334871
0.44938529021 1.49443710367 1.00125748636
0.591548485463 1.03628924337 0.958161897422
0.591548544585 1.0362900556 0.958157952768
0.53913148468 1.18900555292 0.921894228273
0.5391314344 1.18900565302 0.921889656139
0.472646481337 1.34172186247 0.885626559124
0.472646098068 1.34172124907 0.885621419077
0.416693955968 1.49443817202 0.849358889975
0.416693094538 1.4944368535 0.849353270159
0.592592920918 1.03628924337 0.863529872671
0.592592880117 1.03628919982 0.86352610336
0.53438528921 1.18900555292 0.808172119413
0.534385261372 1.18900522212 0.808167697203
0.455869004748 1.34172186247 0.752814366155
0.455868783441 1.34172124515 0.752809304724
0.389557830262 1.49443817202 0.697456612897
0.389557284065 1.49443726955 0.697450930706
0.590959928134 1.03628924337 0.768900029581
0.590959825699 1.03628937033 0.768896183313
0.531843267056 1.18900555292 0.694452192215
0.53184316597 1.18900570279 0.694447571728
0.447269847498 1.34172186247 0.620004354848
0.447269592866 1.34172203524 0.619998960349
0.374770590789 1.49443817202 0.545556517481
0.37477018095 1.49443836769 0.545550349207
0.58912539917 1.03628924337 0.674270186492
0.589125275197 1.03628954074 0.674266223648
0.532711157345 1.18900555292 0.580732265016
0.532710922986 1.18900618252 0.580727354814
0.447453146045 1.34172186247 0.48719434354
0.447452762851 1.34172282243 0.48718850917
0.372253995725 1.49443817202 0.393656422064
0.372253644868 1.49443945948 0.393649693971
0.587829936635 1.03628924337 0.579640343403
0.587829825386 1.03628971092 0.579636224495
0.535634682127 1.18900555292 0.467012337818
0.535634296388 1.18900665836 0.467007048857
0.454987980878 1.34172186247 0.354384332233
0.454987450765 1.34172359354 0.354377960929
0.381231169753 1.49443817202 0.241756326648
0.381230808437 1.49444050953 0.241748989162
0.712781105597 0.119991386075 0.550869408807
0.712780465528 0.119998908702 0.550867294653
0.678306403399 0.359974158224 0.550869136099
0.678305175006 0.359981139892 0.550866800287
0.632143490062 0.599956930373 0.550868863391
0.632142408708 0.599963319299 0.550866323244
0.598069573649 0.839939702522 0.550868590684
0.598069099504 0.83994545132 0.550865865038
0.712843915505 0.119991386075 0.465784335064
0.712843270639 0.119998884174 0.465782209968
0.678374872811 0.359974158224 0.465783516941
0.678373545437 0.359981058276 0.465781150824
0.630953627987 0.599956930373 0.465782698818
0.630952286565 0.599963170995 0.465780112726
0.593032536402 0.839939702522 0.465781880695
0.593031649901 0.839945228197 0.465779097631
0.712601239678 0.119991386075 0.380699261322
0.712600564789 0.11999885952 0.38069712532
0.676280042085 0.359974158224 0.380697897784
0.676278635377 0.359980975615 0.38069550172
0.625382575179 0.599956930373 0.380696534245
0.62538111517 0.599963020065 0.380693903297
0.582599198907 0.839939702522 0.380695170707
0.582598158692 0.839945000517 0.380692332521
0.712489774945 0.119991386075 0.29561418758
0.712489096663 0.11999883474 0.295612040708
0.675114347202 0.359974158224 0.295612278626
0.675112978675 0.359980891921 0.295609852979
0.621693110831 0.599956930373 0.295610369672
0.621691753692 0.599962866572 0.295607694976
0.574483059692 0.839939702522 0.295608460718
0.574482136251 0.839944768467 0.295605569752
0.712815881841 0.119991386075 0.210529386545
0.712815251819 0.119998781784 0.210527216795
0.677153388855 0.359974158224 0.210527477591
0.67715217018 0.359980711105 0.21052499052
0.62486844762 0.599956930373 0.210525568637
0.624867354691 0.599962532937 0.210522805045
0.575828930904 0.839939702522 0.210523659683
0.57582839046 0.839944262867 0.210520664906
0.713059458055 0.119991386075 0.125444858218
0.713058859178 0.119998699768 0.125442653815
0.67923304799 0.359974158224 0.125443494679
0.679231930718 0.35998042617 0.125440916959
0.630332704118 0.599956930373 0.125442131141
0.630331833235 0.599962002761 0.125439241718
0.585926227754 0.839939702522 0.125440767602
0.585926133275 0.839943458115 0.125437635542
0.713080200589 0.119991386075 0.0403603298908
0.713079607373 0.119998616459 0.0403580912251
0.680164759085 0.359974158224 0.0403595117677
0.68016370361 0.359980131264 0.0403568474977
0.634990313531 0.599956930373 0.0403586936447
0.634989607236 0.599961450176 0.0403556911536
0.599111407354 0.839939702522 0.0403578755216
0.599111604432 0.839942620855 0.040354633284
0.712848722581 0.119991386075 -0.0447241984362
0.712848105983 0.119998531871 -0.0447264709699
0.679426175988 0.359974158224 -0.0447244711439
0.679425120927 0.359979826857 -0.0447272177271
0.636674024296 0.599956930373 -0.0447247438516
0.636673363051 0.599960877624 -0.0447278461495
0.609732728195 0.839939702522 -0.0447250165593
0.609732928213 0.839941758335 -0.0447283409137
0.712385652762 0.119991386075 6.11901527441
0.712384978613 0.119998586222 6.11901120554
0.676811864951 0.359974158224 6.11901527441
0.676810691609 0.359980022991 6.11901040387
0.633726819559 0.599956930373 6.11901527441
0.633725987233 0.599961246686 6.11900977916
0.612413156829 0.839939702522 6.11901527441
0.612413065959 0.839942313563 6.11900935409
0.711932088942 0.119991386075 5.96520813408
0.711931345493 0.119998775467 5.96520420705
0.673696873556 0.359974158224 5.96520813408
0.673695484451 0.359980689365 5.9652036253
0.627760407319 0.599956930373 5.96520813408
0.627759260062 0.599962492657 5.9652031199
0.605984218442 0.839939702522 5.96520813408
0.605983869444 0.839944201752 5.96520269943
0.711432992724 0.119991386075 5.81140099375
0.711432168513 0.119998957913 5.81139721217
0.669865339599 0.359974158224 5.81140099375
0.669863679658 0.359981301683 5.81139688404
0.618951513004 0.599956930373 5.81140099375
0.618949981311 0.599963610907 5.81139657579
0.592313926494 0.839939702522 5.81140099375
0.592313332198 0.839945887824 5.8113962889
0.710780020247 0.119991386075 5.65759385342
0.71077909141 0.119999133392 5.65759022077
0.664784035058 0.359974158224 5.65759385342
0.664782039879 0.359981854879 5.6575901768
0.607046355264 0.599956930373 5.65759385342
0.607044380943 0.599964575759 5.65759013312
0.573310588429 0.839939702522 5.65759385342
0.573309763021 0.839947296035 5.65759008973
0.709967782069 0.119991386075 5.50378671309
0.709966739292 0.119999261703 5.5037831956
0.65882001173 0.359974158224 5.50378671309
0.658817749949 0.359982232097 5.50378338533
0.594218846774 0.599956930373 5.50378671309
0.59421668966 0.599965191368 5.50378357965
0.555497548825 0.839939702522 5.50378671309
0.55549699317 0.839948139259 5.50378377829
0.709546757503 0.119991386075 5.34997957275
0.709545665163 0.11999934672 5.34997613477
0.656683301348 0.359974158224 5.34997957275
0.656681027506 0.359982467137 5.3499764918
0.592873847687 0.599956930373 5.34997957275
0.592871952575 0.599965548635 5.34997686327
0.561858353371 0.839939702522 5.34997957275
0.561858592072 0.839948589765 5.34997724742
0.709616581882 0.119991386075 5.19617243242
0.709615502184 0.119999429783 5.1961690748
0.658336106771 0.359974158224 5.19617243242
0.658333949371 0.359982683824 5.19616960508
0.600310490553 0.599956930373 5.19617243242
0.600308931935 0.599965853041 5.1961701635
0.582011386105 0.839939702522 5.19617243242
0.582012281485 0.839948933482 5.19617074449
0.710178502414 0.119991386075 5.04236529209
0.710177496045 0.119999510871 5.04236201564
0.66282274891 0.359974158224 5.04236529209
0.662820770652 0.35998288168 5.0423627246
0.611188266934 0.599956930373 5.04236529209
0.611186911979 0.599966102719 5.04236347764
0.60022499565 0.839939702522 5.04236529209
0.600226036565 0.839949166282 5.04236426184
0.711029404105 0.119991386075 4.81165458159
0.711028496616 0.119999517073 4.81164804135
0.668072043628 0.359974158224 4.81165458159
0.66807018 0.359982896216 4.81164948739
0.619078473094 0.599956930373 4.81165458159
0.619077000111 0.59996611974 4.81165102416
0.60257511033 0.839939702522 4.81165458159
0.602575572851 0.839949179605 4.81165262428
0.711079677541 0.119991386075 4.50404030093
0.711078763584 0.119999448815 4.50403362329
0.667736574873 0.359974158224 4.50404030093
0.667734606353 0.359982731529 4.50403476602
0.615957921871 0.599956930373 4.50404030093
0.615956170852 0.599965916044 4.50403597216
0.592168990538 0.839939702522 4.50404030093
0.592168937029 0.839948997638 4.50403722788
0.710472016754 0.119991386075 4.19642602026
0.710471021928 0.119999379144 4.19641920639
0.663070685915 0.359974158224 4.19642602026
0.663068503969 0.359982553321 4.19642005339
0.605227836246 0.599956930373 4.19642602026
0.605225794159 0.599965672992 4.19642093912
0.575510228101 0.839939702522 4.19642602026
0.575509880241 0.839948735904 4.19642185785
0.709568513145 0.119991386075 3.8888117396
0.709567410799 0.119999308073 3.88880479069
0.656588813224 0.359974158224 3.8888117396
0.656586419501 0.359982361872 3.88880535016
0.591805022613 0.599956930373 3.8888117396
0.591802787311 0.599965391649 3.88880592834
0.558182994422 0.839939702522 3.8888117396
0.558182591818 0.839948396648 3.88880652354
0.70833879448 0.119991386075 3.58119745894
0.708337513599 0.119999281521 3.58119046055
0.647880122471 0.359974158224 3.58119745894
0.647877234093 0.359982288015 3.58119091623
0.574166373956 0.599956930373 3.58119745894
0.574163493286 0.599965278514 3.58119138478
0.536453474679 0.839939702522 3.58119745894
0.536452556966 0.839948252588 3.58119186528
0.705303031291 0.119991386075 3.27358317827
0.70530133469 0.119999300462 3.27357621513
0.62572699243 0.359974158224 3.27358317827
0.625723043774 0.359982340829 3.27357674465
0.526987509017 0.599956930373 3.27358317827
0.526983360461 0.599965359653 3.27357729111
0.472123809892 0.839939702522 3.27358317827
0.472122024516 0.839948356285 3.27357785307
0.701741496056 0.119991386075 2.96596889761
0.701739354032 0.119999319308 2.96596196979
0.599479704684 0.359974158224 2.96596889761
0.599474788639 0.359982392752 2.96596257377
0.470207624633 0.599956930373 2.96596889761
0.470202518753 0.599965438243 2.96596319922
0.39244856306 0.839939702522 2.96596889761
0.392446393841 0.839948454853 2.96596384401
0.699383909446 0.119991386075 2.65835461694
0.699381509946 0.119999338057 2.65834772453
0.581838207954 0.359974158224 2.65835461694
0.581832886627 0.359982443778 2.65834840358
0.431138974699 0.599956930373 2.65835461694
0.431133663468 0.59996551426 2.65834910905
0.335347604183 0.839939702522 2.65835461694
0.335345651975 0.839948548234 2.65834983795
0.699538386699 0.119991386075 2.42764390645
0.699536031706 0.119999398535 2.42764051827
0.582385381103 0.359974158224 2.42764390645
0.582380244118 0.359982603895 2.42764098223
0.43031689421 0.599956930373 2.42764390645
0.430311863887 0.599965744023 2.42764146877
0.329145994857 0.839939702522 2.42764390645
0.329144283606 0.839948816078 2.42764197414
0.700618791224 0.119991386075 2.27383676611
0.70061655095 0.119999498592 2.27383347719
0.589468506403 0.359974158224 2.27383676611
0.589463498871 0.359982852642 2.27383415848
0.442657477198 0.599956930373 2.27383676611
0.4426523901 0.599966068124 2.27383488133
0.338957397979 0.839939702522 2.27383676611
0.33895529613 0.839949137974 2.27383563422
0.701923997488 0.119991386075 2.12002962578
0.701921897386 0.119999595655 2.12002643733
0.598230941883 0.359974158224 2.12002962578
0.59822611703 0.359983072527 2.12002734339
0.458707517715 0.599956930373 2.12002962578
0.458702429685 0.59996630801 2.12002831126
0.354166963635 0.839939702522 2.12002962578
0.354164463565 0.839949289556 2.12002931473
0.703087127098 0.119991386075 1.96622248545
0.703085147026 0.119999689691 1.96621939864
0.60630531018 0.359974158224 1.96622248545
0.606300654365 0.359983262823 1.96622053588
0.47448687911 0.599956930373 1.96622248545
0.474481869224 0.59996646147 1.96622175331
0.372061610683 0.839939702522 1.96622248545
0.372058908557 0.83994926809 1.96622300085
0.704326927004 0.119991386075 1.81241561783
0.704325158641 0.119999620951 1.81241245631
0.615424250619 0.359974158224 1.81241616324
0.615420220435 0.359983126031 1.81241396868
0.494152661686 0.599956930373 1.81241670866
0.494148331644 0.599966357312 1.81241554804
0.39950391377 0.839939702522 1.81241725407
0.399501478914 0.839949300777 1.81241716281
0.7080723491 0.119991386075 1.65860902291
0.708071158063 0.119999377915 1.65860561485
0.642537827392 0.359974158224 1.65861065916
0.6425354827 0.359982550088 1.65860767207
0.551148091341 0.599956930373 1.6586122954
0.551145936614 0.599965668402 1.65860974846
0.475307635587 0.839939702522 1.65861393165
0.475306825609 0.839948730634 1.65861184118
0.712707451396 0.119991386075 1.50480242799
0.712706871013 0.119999116918 1.50479878105
0.675878552364 0.359974158224 1.50480515507
0.675877730988 0.359981804667 1.50480143579
0.620496783794 0.599956930373 1.50480788215
0.620496526146 0.599964490766 1.50480409132
0.565632785158 0.839939702522 1.50481060922
0.565633354764 0.839947175235 1.50480674768
0.715950897472 0.119991386075 1.35099583308
0.715950666234 0.119998838548 1.35099195545
0.698991958647 0.359974158224 1.35099965098
0.698991624761 0.359980904821 1.35099527461
0.667818444565 0.599956930373 1.35100346889
0.667818296707 0.599962890271 1.3509986462
0.625294038954 0.839939702522 1.3510072868
0.625294026188 0.839944804324 1.35100207557
0.716125983563 0.119991386075 1.23154986239
0.716125718924 0.119998687463 1.231547653
0.699936697949 0.359974158224 1.2315536803
0.699935967446 0.359980382943 1.23155108951
0.668689843966 0.599956930373 1.23155749821
0.66868879014 0.599961921962 1.23155459112
0.623566343958 0.839939702522 1.23156131612
0.623565205937 0.839943335515 1.2315581658
0.715505581448 0.119991386075 1.14646451594
0.715505241627 0.119998676288 1.14646230189
0.695844501693 0.359974158224 1.14646724302
0.695843648026 0.359980343584 1.14646464037
0.6614654732 0.599956930373 1.1464699701
0.66146441515 0.599961848325 1.14646704725
0.617526545722 0.839939702522 1.14647269717
0.617525740358 0.839943223819 1.14646953093
0.714780485424 0.119991386075 1.06137916949
0.714780064848 0.11999866509 1.06137695078
0.691404265466 0.359974158224 1.06138080574
0.691403320694 0.359980304046 1.06137819132
0.654924894754 0.599956930373 1.06138244198
0.654923887322 0.599961774293 1.06137950362
0.616062097679 0.839939702522 1.06138407823
0.616061562245 0.839943111569 1.06138089657
0.714139791836 0.119991386075 0.976293823042
0.714139305218 0.119998653868 0.976291599675
0.687514820338 0.359974158224 0.976294368457
0.687513826898 0.35998026433 0.976291742336
0.649334205989 0.599956930373 0.976294913873
0.649333262012 0.599961699872 0.976291960218
0.615322465638 0.839939702522 0.976295459288
0.61532203671 0.839942998783 0.976292262705
0.713662926723 0.119991386075 0.8912087493
0.713662382715 0.119998683134 0.891206538013
0.684414167195 0.359974158224 0.8912087493
0.684413063436 0.359980367706 0.891206153865
0.644029983001 0.599956930373 0.8912087493
0.644028916694 0.599961893463 0.891205836098
0.611411245306 0.839939702522 0.8912087493
0.611410667385 0.839943292281 0.891205592841
0.712967199023 0.119991386075 0.806123948265
0.712966566954 0.119998752222 0.806121765962
0.679753721628 0.359974158224 0.806123948265
0.679752432716 0.359980609062 0.806121427912
0.635531811254 0.599956930373 0.806123948265
0.635530568308 0.599962343607 0.806121137641
0.603471949031 0.839939702522 0.806123948265
0.603471318269 0.839943975529 0.806120900655
0.712352411591 0.119991386075 0.72103914723
0.712351710028 0.119998820395 0.721036994183
0.6756052634 0.359974158224 0.72103914723
0.675603876962 0.3599808432 0.721036704778
0.627854506892 0.599956930373 0.72103914723
0.627853251582 0.599962776931 0.721036447918
0.595962966286 0.839939702522 0.72103914723
0.595962463334 0.839944632759 0.721036227025
0.712237619188 0.119991386075 0.635954346195
0.712236915612 0.119998887644 0.635952222672
0.674781131975 0.359974158224 0.635954346195
0.674779809894 0.359981069859 0.635951984378
0.626145809061 0.599956930373 0.635954346195
0.626144723404 0.599963192087 0.635951766583
0.593751808545 0.839939702522 0.635954346195
0.593751525303 0.839945259969 0.635951571177
