0 1 2 3 4 5 6 7 8 9 10 11 12 13 14 15 16 17 18 19 20 21 22 23 24 25 26 27 28 29 30 31 32 33 34 35 36 37 38 39 40 41 42 43 44 45 46 47 48 49 50 51 52 53 54 55 56 57 58 59 60 61 62 63 64 65 66 67 68 69 70 71 72 73 74 75 76 77 78 79 80 81 82 83 84 85 86 87 88 89 90 91 92 93 94 95 96 97 98 99 100 101 102 103 104 105 106 107 108 109 110 111 112 113 114 115 116 117 118 119 120 121 122 123 124 125 126 127 128 129 130 131 132 133 134 135 136 137 138 139 140 141 142 143 144 145 146 147 148 149 150 151 152 153 154 155 156 157 158 159 160 161 162 163 164 165 166 167 168 169 170 171 172 173 174 175 176 177 178 179 180 181 182 183 184 185 186 187 188 189 190 191 192 193 194 195 196 197 198 199 200 201 202 203 204 205 206 207 208 209 210 211 212 213 214 215 216 217 218 219 220 221 222 223 224 225 226 227 228 229 230 231 232 233 234 235 236 237 238 239 240 241 242 243 244 245 246 247 248 249 250 251 252 253 254 255 256 257 258 259 260 261 262 263 264 265 266 267 268 269 270 271 272 273 274 275 276 277 278 279 280 281 282 283 284 285 286 287 288 289 290 291 292 293 294 295 296 297 298 299 300 301 302 303 304 305 306 307 308 309 310 311 312 313 314 315 316 317 318 319 320 321 322 323 324 325 326 327 328 329 330 331 332 333 334 335 336 337 338 339 340 341 342 343 344 345 346 347 348 349 350 351 352 353 354 355 356 357 358 359 360 361 362 363 364 365 366 367 368 369 370 371 372 373 374 375 376 377 378 379 380 381 382 383 384 385 386 387 388 389 390 391 392 393 394 395 396 397 398 399 400 401 402 403 404 405 406 407 408 409 410 411 412 413 414 415 416 417 418 419 420 421 422 423 424 425 426 427 428 429 430 431 432 433 434 435 436 437 438 439 440 441 442 443 444 445 446 447 448 449 450 451 452 453 454 455 456 457 458 459 460 461 462 463 464 465 466 467 468 469 470 471 472 473 474 475 476 477 478 479 480 481 482 483 484 485 486 487 488 489 490 491 492 493 494 495 496 497 498 499 500 501 502 503 504 505 506 507 508 509 510 511 512 513 514 515 516 517 518 519 520 521 522 523 524 525 526 527 528 529 530 531 532 533 534 535 536 537 538 539 540 541 542 543 544 545 546 547 548 549 550 551 552 553 554 555 556 557 558 559 560 561 562 563 564 565 566 567 568 569 570 571 572 573 574 575 576 577 578 579 580 581 582 583 584 585 586 587 588 589 590 591 592 593 594 595 596 597 598 599 600 601 602 603 604 605 606 607 608 609 610 611 612 613 614 615 616 617 618 619 620 621 622 623 624 625 626 627 628 629 630 631 632 633 634 18 102 103 99 100 104 105 101 
102 4 106 103 104 107 108 105 
100 104 105 101 13 110 111 109 
104 107 108 105 110 112 113 111 
99 103 115 81 101 105 116 114 
103 106 51 115 105 108 117 116 
101 105 116 114 109 111 118 82 
105 108 117 116 111 113 52 118 
81 115 121 119 114 116 122 120 
115 51 123 121 116 117 124 122 
114 116 122 120 82 118 126 125 
116 117 124 122 118 52 127 126 
119 121 129 21 120 122 130 128 
121 123 7 129 122 124 131 130 
120 122 130 128 125 126 132 16 
122 124 131 130 126 127 3 132 
21 129 135 133 128 130 136 134 
129 7 137 135 130 131 138 136 
128 130 136 134 16 132 140 139 
130 131 138 136 132 3 141 140 
133 135 143 97 134 136 144 142 
135 137 57 143 136 138 145 144 
134 136 144 142 139 140 147 146 
136 138 145 144 140 141 58 147 
97 143 150 148 142 144 151 149 
143 57 152 150 144 145 153 151 
142 144 151 149 146 147 155 154 
144 145 153 151 147 58 156 155 
148 150 158 94 149 151 159 157 
150 152 48 158 151 153 160 159 
149 151 159 157 154 155 161 95 
151 153 160 159 155 156 49 161 
94 158 164 162 157 159 165 163 
158 48 166 164 159 160 167 165 
157 159 165 163 95 161 169 168 
159 160 167 165 161 49 170 169 
162 164 172 20 163 165 173 171 
164 166 6 172 165 167 174 173 
163 165 173 171 168 169 175 15 
165 167 174 173 169 170 2 175 
20 172 178 176 171 173 179 177 
172 6 180 178 173 174 181 179 
171 173 179 177 15 175 183 182 
173 174 181 179 175 2 184 183 
176 178 186 91 177 179 187 185 
178 180 45 186 179 181 188 187 
177 179 187 185 182 183 189 92 
179 181 188 187 183 184 46 189 
91 186 192 190 185 187 193 191 
186 45 194 192 187 188 195 193 
185 187 193 191 92 189 197 196 
187 188 195 193 189 46 198 197 
190 192 200 88 191 193 201 199 
192 194 54 200 193 195 202 201 
191 193 201 199 196 197 203 89 
193 195 202 201 197 198 55 203 
88 200 206 204 199 201 207 205 
200 54 208 206 201 202 209 207 
199 201 207 205 89 203 211 210 
201 202 209 207 203 55 212 211 
204 206 214 19 205 207 215 213 
206 208 5 214 207 209 216 215 
205 207 215 213 210 211 217 14 
207 209 216 215 211 212 1 217 
19 214 220 218 213 215 221 219 
214 5 222 220 215 216 223 221 
213 215 221 219 14 217 225 224 
215 216 223 221 217 1 226 225 
218 220 228 78 219 221 229 227 
220 222 42 228 221 223 230 229 
219 221 229 227 224 225 231 79 
221 223 230 229 225 226 43 231 
78 228 234 232 227 229 235 233 
228 42 236 234 229 230 237 235 
227 229 235 233 79 231 239 238 
229 230 237 235 231 43 240 239 
232 234 102 18 233 235 104 100 
234 236 4 102 235 237 107 104 
233 235 104 100 238 239 110 13 
235 237 107 104 239 240 112 110 
23 244 245 241 242 246 247 243 
244 8 248 245 246 249 250 247 
242 246 247 243 18 102 103 99 
246 249 250 247 102 4 106 103 
241 245 252 80 243 247 253 251 
245 248 50 252 247 250 254 253 
243 247 253 251 99 103 115 81 
247 250 254 253 103 106 51 115 
80 252 257 255 251 253 258 256 
252 50 259 257 253 254 260 258 
251 253 258 256 81 115 121 119 
253 254 260 258 115 51 123 121 
255 257 262 26 256 258 263 261 
257 259 11 262 258 260 264 263 
256 258 263 261 119 121 129 21 
258 260 264 263 121 123 7 129 
26 262 267 265 261 263 268 266 
262 11 269 267 263 264 270 268 
261 263 268 266 21 129 135 133 
263 264 270 268 129 7 137 135 
265 267 272 96 266 268 273 271 
267 269 56 272 268 270 274 273 
266 268 273 271 133 135 143 97 
268 270 274 273 135 137 57 143 
96 272 277 275 271 273 278 276 
272 56 279 277 273 274 280 278 
271 273 278 276 97 143 150 148 
273 274 280 278 143 57 152 150 
275 277 282 93 276 278 283 281 
277 279 47 282 278 280 284 283 
276 278 283 281 148 150 158 94 
278 280 284 283 150 152 48 158 
93 282 287 285 281 283 288 286 
282 47 289 287 283 284 290 288 
281 283 288 286 94 158 164 162 
283 284 290 288 158 48 166 164 
285 287 292 25 286 288 293 291 
287 289 10 292 288 290 294 293 
286 288 293 291 162 164 172 20 
288 290 294 293 164 166 6 172 
25 292 297 295 291 293 298 296 
292 10 299 297 293 294 300 298 
291 293 298 296 20 172 178 176 
293 294 300 298 172 6 180 178 
295 297 302 90 296 298 303 301 
297 299 44 302 298 300 304 303 
296 298 303 301 176 178 186 91 
298 300 304 303 178 180 45 186 
90 302 307 305 301 303 308 306 
302 44 309 307 303 304 310 308 
301 303 308 306 91 186 192 190 
303 304 310 308 186 45 194 192 
305 307 312 87 306 308 313 311 
307 309 53 312 308 310 314 313 
306 308 313 311 190 192 200 88 
308 310 314 313 192 194 54 200 
87 312 317 315 311 313 318 316 
312 53 319 317 313 314 320 318 
311 313 318 316 88 200 206 204 
313 314 320 318 200 54 208 206 
315 317 322 24 316 318 323 321 
317 319 9 322 318 320 324 323 
316 318 323 321 204 206 214 19 
318 320 324 323 206 208 5 214 
24 322 327 325 321 323 328 326 
322 9 329 327 323 324 330 328 
321 323 328 326 19 214 220 218 
323 324 330 328 214 5 222 220 
325 327 332 77 326 328 333 331 
327 329 41 332 328 330 334 333 
326 328 333 331 218 220 228 78 
328 330 334 333 220 222 42 228 
77 332 337 335 331 333 338 336 
332 41 339 337 333 334 340 338 
331 333 338 336 78 228 234 232 
333 334 340 338 228 42 236 234 
335 337 244 23 336 338 246 242 
337 339 8 244 338 340 249 246 
336 338 246 242 232 234 102 18 
338 340 249 246 234 236 4 102 
27 341 342 343 344 345 
343 344 345 12 346 347 
341 344 345 342 23 244 245 241 
344 346 347 345 244 8 248 245 
27 342 348 343 345 349 
343 345 349 12 347 350 
342 345 349 348 241 245 252 80 
345 347 350 349 245 248 50 252 
27 348 351 343 349 352 
343 349 352 12 350 353 
348 349 352 351 80 252 257 255 
349 350 353 352 252 50 259 257 
27 351 354 343 352 355 
343 352 355 12 353 356 
351 352 355 354 255 257 262 26 
352 353 356 355 257 259 11 262 
27 354 357 343 355 358 
343 355 358 12 356 359 
354 355 358 357 26 262 267 265 
355 356 359 358 262 11 269 267 
27 357 360 343 358 361 
343 358 361 12 359 362 
357 358 361 360 265 267 272 96 
358 359 362 361 267 269 56 272 
27 360 363 343 361 364 
343 361 364 12 362 365 
360 361 364 363 96 272 277 275 
361 362 365 364 272 56 279 277 
27 363 366 343 364 367 
343 364 367 12 365 368 
363 364 367 366 275 277 282 93 
364 365 368 367 277 279 47 282 
27 366 369 343 367 370 
343 367 370 12 368 371 
366 367 370 369 93 282 287 285 
367 368 371 370 282 47 289 287 
27 369 372 343 370 373 
343 370 373 12 371 374 
369 370 373 372 285 287 292 25 
370 371 374 373 287 289 10 292 
27 372 375 343 373 376 
343 373 376 12 374 377 
372 373 376 375 25 292 297 295 
373 374 377 376 292 10 299 297 
27 375 378 343 376 379 
343 376 379 12 377 380 
375 376 379 378 295 297 302 90 
376 377 380 379 297 299 44 302 
27 378 381 343 379 382 
343 379 382 12 380 383 
378 379 382 381 90 302 307 305 
379 380 383 382 302 44 309 307 
27 381 384 343 382 385 
343 382 385 12 383 386 
381 382 385 384 305 307 312 87 
382 383 386 385 307 309 53 312 
27 384 387 343 385 388 
343 385 388 12 386 389 
384 385 388 387 87 312 317 315 
385 386 389 388 312 53 319 317 
27 387 390 343 388 391 
343 388 391 12 389 392 
387 388 391 390 315 317 322 24 
388 389 392 391 317 319 9 322 
27 390 393 343 391 394 
343 391 394 12 392 395 
390 391 394 393 24 322 327 325 
391 392 395 394 322 9 329 327 
27 393 396 343 394 397 
343 394 397 12 395 398 
393 394 397 396 325 327 332 77 
394 395 398 397 327 329 41 332 
27 396 399 343 397 400 
343 397 400 12 398 401 
396 397 400 399 77 332 337 335 
397 398 401 400 332 41 339 337 
27 399 341 343 400 344 
343 400 344 12 401 346 
399 400 344 341 335 337 244 23 
400 401 346 344 337 339 8 244 
32 405 406 402 403 407 408 404 
405 22 409 406 407 410 411 408 
403 407 408 404 28 413 414 412 
407 410 411 408 413 17 415 414 
402 406 417 69 404 408 418 416 
406 409 85 417 408 411 419 418 
404 408 418 416 412 414 420 70 
408 411 419 418 414 415 86 420 
69 417 423 421 416 418 424 422 
417 85 425 423 418 419 426 424 
416 418 424 422 70 420 428 427 
418 419 426 424 420 86 429 428 
421 423 431 35 422 424 432 430 
423 425 21 431 424 426 128 432 
422 424 432 430 427 428 433 31 
424 426 128 432 428 429 16 433 
35 431 436 434 430 432 437 435 
431 21 133 436 432 128 134 437 
430 432 437 435 31 433 439 438 
432 128 134 437 433 16 139 439 
434 436 441 75 435 437 442 440 
436 133 97 441 437 134 142 442 
435 437 442 440 438 439 443 76 
437 134 142 442 439 139 146 443 
75 441 446 444 440 442 447 445 
441 97 148 446 442 142 149 447 
440 442 447 445 76 443 449 448 
442 142 149 447 443 146 154 449 
444 446 451 66 445 447 452 450 
446 148 94 451 447 149 157 452 
445 447 452 450 448 449 453 67 
447 149 157 452 449 154 95 453 
66 451 456 454 450 452 457 455 
451 94 162 456 452 157 163 457 
450 452 457 455 67 453 459 458 
452 157 163 457 453 95 168 459 
454 456 461 34 455 457 462 460 
456 162 20 461 457 163 171 462 
455 457 462 460 458 459 463 30 
457 163 171 462 459 168 15 463 
34 461 466 464 460 462 467 465 
461 20 176 466 462 171 177 467 
460 462 467 465 30 463 469 468 
462 171 177 467 463 15 182 469 
464 466 471 63 465 467 472 470 
466 176 91 471 467 177 185 472 
465 467 472 470 468 469 473 64 
467 177 185 472 469 182 92 473 
63 471 476 474 470 472 477 475 
471 91 190 476 472 185 191 477 
470 472 477 475 64 473 479 478 
472 185 191 477 473 92 196 479 
474 476 481 72 475 477 482 480 
476 190 88 481 477 191 199 482 
475 477 482 480 478 479 483 73 
477 191 199 482 479 196 89 483 
72 481 486 484 480 482 487 485 
481 88 204 486 482 199 205 487 
480 482 487 485 73 483 489 488 
482 199 205 487 483 89 210 489 
484 486 491 33 485 487 492 490 
486 204 19 491 487 205 213 492 
485 487 492 490 488 489 493 29 
487 205 213 492 489 210 14 493 
33 491 496 494 490 492 497 495 
491 19 498 496 492 213 499 497 
490 492 497 495 29 493 501 500 
492 213 499 497 493 14 502 501 
494 496 504 60 495 497 505 503 
496 498 83 504 497 499 506 505 
495 497 505 503 500 501 507 61 
497 499 506 505 501 502 84 507 
60 504 510 508 503 505 511 509 
504 83 512 510 505 506 513 511 
503 505 511 509 61 507 515 514 
505 506 513 511 507 84 516 515 
508 510 405 32 509 511 407 403 
510 512 22 405 511 513 410 407 
509 511 407 403 514 515 413 28 
511 513 410 407 515 516 17 413 
36 520 521 517 518 522 523 519 
520 23 241 521 522 524 525 523 
518 522 523 519 32 405 406 402 
522 524 525 523 405 22 409 406 
517 521 527 68 519 523 528 526 
521 241 80 527 523 525 529 528 
519 523 528 526 402 406 417 69 
523 525 529 528 406 409 85 417 
68 527 532 530 526 528 533 531 
527 80 255 532 528 529 534 533 
526 528 533 531 69 417 423 421 
528 529 534 533 417 85 425 423 
530 532 536 39 531 533 537 535 
532 255 26 536 533 534 261 537 
531 533 537 535 421 423 431 35 
533 534 261 537 423 425 21 431 
39 536 540 538 535 537 541 539 
536 26 265 540 537 261 266 541 
535 537 541 539 35 431 436 434 
537 261 266 541 431 21 133 436 
538 540 543 74 539 541 544 542 
540 265 96 543 541 266 271 544 
539 541 544 542 434 436 441 75 
541 266 271 544 436 133 97 441 
74 543 547 545 542 544 548 546 
543 96 275 547 544 271 276 548 
542 544 548 546 75 441 446 444 
544 271 276 548 441 97 148 446 
545 547 550 65 546 548 551 549 
547 275 93 550 548 276 281 551 
546 548 551 549 444 446 451 66 
548 276 281 551 446 148 94 451 
65 550 554 552 549 551 555 553 
550 93 285 554 551 281 286 555 
549 551 555 553 66 451 456 454 
551 281 286 555 451 94 162 456 
552 554 557 38 553 555 558 556 
554 285 25 557 555 286 291 558 
553 555 558 556 454 456 461 34 
555 286 291 558 456 162 20 461 
38 557 561 559 556 558 562 560 
557 25 295 561 558 291 296 562 
556 558 562 560 34 461 466 464 
558 291 296 562 461 20 176 466 
559 561 564 62 560 562 565 563 
561 295 90 564 562 296 301 565 
560 562 565 563 464 466 471 63 
562 296 301 565 466 176 91 471 
62 564 568 566 563 565 569 567 
564 90 305 568 565 301 306 569 
563 565 569 567 63 471 476 474 
565 301 306 569 471 91 190 476 
566 568 571 71 567 569 572 570 
568 305 87 571 569 306 311 572 
567 569 572 570 474 476 481 72 
569 306 311 572 476 190 88 481 
71 571 575 573 570 572 576 574 
571 87 315 575 572 311 316 576 
570 572 576 574 72 481 486 484 
572 311 316 576 481 88 204 486 
573 575 578 37 574 576 579 577 
575 315 24 578 576 316 321 579 
574 576 579 577 484 486 491 33 
576 316 321 579 486 204 19 491 
37 578 582 580 577 579 583 581 
578 24 325 582 579 321 584 583 
577 579 583 581 33 491 496 494 
579 321 584 583 491 19 498 496 
580 582 586 59 581 583 587 585 
582 325 77 586 583 584 588 587 
581 583 587 585 494 496 504 60 
583 584 588 587 496 498 83 504 
59 586 591 589 585 587 592 590 
586 77 335 591 587 588 593 592 
585 587 592 590 60 504 510 508 
587 588 593 592 504 83 512 510 
589 591 520 36 590 592 522 518 
591 335 23 520 592 593 524 522 
590 592 522 518 508 510 405 32 
592 593 524 522 510 512 22 405 
40 594 595 596 597 598 
596 597 598 27 341 342 
594 597 598 595 36 520 521 517 
597 341 342 598 520 23 241 521 
40 595 599 596 598 600 
596 598 600 27 342 348 
595 598 600 599 517 521 527 68 
598 342 348 600 521 241 80 527 
40 599 601 596 600 602 
596 600 602 27 348 351 
599 600 602 601 68 527 532 530 
600 348 351 602 527 80 255 532 
40 601 603 596 602 604 
596 602 604 27 351 354 
601 602 604 603 530 532 536 39 
602 351 354 604 532 255 26 536 
40 603 605 596 604 606 
596 604 606 27 354 357 
603 604 606 605 39 536 540 538 
604 354 357 606 536 26 265 540 
40 605 607 596 606 608 
596 606 608 27 357 360 
605 606 608 607 538 540 543 74 
606 357 360 608 540 265 96 543 
40 607 609 596 608 610 
596 608 610 27 360 363 
607 608 610 609 74 543 547 545 
608 360 363 610 543 96 275 547 
40 609 611 596 610 612 
596 610 612 27 363 366 
609 610 612 611 545 547 550 65 
610 363 366 612 547 275 93 550 
40 611 613 596 612 614 
596 612 614 27 366 369 
611 612 614 613 65 550 554 552 
612 366 369 614 550 93 285 554 
40 613 615 596 614 616 
596 614 616 27 369 372 
613 614 616 615 552 554 557 38 
614 369 372 616 554 285 25 557 
40 615 617 596 616 618 
596 616 618 27 372 375 
615 616 618 617 38 557 561 559 
616 372 375 618 557 25 295 561 
40 617 619 596 618 620 
596 618 620 27 375 378 
617 618 620 619 559 561 564 62 
618 375 378 620 561 295 90 564 
40 619 621 596 620 622 
596 620 622 27 378 381 
619 620 622 621 62 564 568 566 
620 378 381 622 564 90 305 568 
40 621 623 596 622 624 
596 622 624 27 381 384 
621 622 624 623 566 568 571 71 
622 381 384 624 568 305 87 571 
40 623 625 596 624 626 
596 624 626 27 384 387 
623 624 626 625 71 571 575 573 
624 384 387 626 571 87 315 575 
40 625 627 596 626 628 
596 626 628 27 387 390 
625 626 628 627 573 575 578 37 
626 387 390 628 575 315 24 578 
40 627 629 596 628 630 
596 628 630 27 390 393 
627 628 630 629 37 578 582 580 
628 390 393 630 578 24 325 582 
40 629 631 596 630 632 
596 630 632 27 393 396 
629 630 632 631 580 582 586 59 
630 393 396 632 582 325 77 586 
40 631 633 596 632 634 
596 632 634 27 396 399 
631 632 634 633 59 586 591 589 
632 396 399 634 586 77 335 591 
40 633 594 596 634 597 
596 634 597 27 399 341 
633 634 597 594 589 591 520 36 
634 399 341 597 591 335 23 520 
