-5.02357164169 49.2180240853 -0.84957741054
-2.09797488365 49.2300202799 -1.51345970482
-12.1743844892 48.466214818 -5.70991731278
-9.25508164499 49.0679822502 -6.04983915848
-19.1381424168 46.2411808696 -10.2089441895
-16.2409522562 47.018585485 -10.2528900377
-26.0653309191 43.6652688345 -14.3356181226
-23.1639819641 44.3762028133 -14.0585854178
-5.0231323296 49.4733678641 -9.06520415018
-2.15687687946 49.1153117951 -9.8753742224
-12.216595306 47.5172281015 -14.1448187427
-9.34870712662 48.0505777373 -14.8453582181
-19.1705227258 44.1130240634 -18.5219299926
-16.3098031202 44.8673969356 -19.0191270436
-26.2521033732 40.9640584819 -22.6860692176
-23.2824496284 41.3876481343 -22.7276437638
-4.95038246423 47.692487396 -17.1427094848
-2.21323285889 46.7540238634 -17.9347310982
-12.220584389 44.9095520373 -22.3034311698
-9.37164001878 44.9623704909 -23.2419013006
-19.232909278 40.6598765753 -26.4793609913
-16.399585259 41.0839049279 -27.3695716179
-26.3952881508 36.5818874199 -30.4254730764
-23.426026906 36.7373773121 -30.824610338
-4.76208564377 43.7679630196 -24.4338570032
-2.28844252095 42.1404436008 -24.9158012346
-12.1170498944 40.5944039442 -29.7443976782
-9.34079185597 39.8252603442 -30.5815412898
-19.2587802668 35.7660936389 -33.7545509019
-16.4736815808 35.5931733677 -34.8560607245
-26.3451005986 30.4392340982 -36.8969491488
-23.4751045638 30.2842084018 -37.7566524664
-4.39249362493 38.0198246744 -30.0266234297
-2.45671088427 35.7874288832 -30.5454241739
-11.7084861955 34.7413395121 -35.7814348955
-9.42422363989 32.9178937441 -36.4575932411
-19.0498631491 29.5632953261 -39.8026668499
-16.5756360705 28.2553888771 -40.8832135101
-25.8860241172 22.9526321591 -41.379323467
-23.383043828 22.0085984123 -42.7372225636
-3.86305848465 31.7573666793 -34.3554404794
-2.82101365575 29.1431460921 -35.3946677388
-11.0235139023 27.6878469281 -40.1080614712
-9.67059147032 25.0980449277 -40.7881544736
-18.3143842769 21.8737929 -43.7527206027
-16.6614351677 19.4415632866 -44.3460319459
-24.9515775669 14.7257420331 -43.8091801978
-23.0891383031 12.5333265717 -44.660434821
-3.37443942633 25.0839749242 -37.9148292335
-3.17841848033 22.3191457274 -39.0625640903
-10.3364457979 19.8147663213 -42.7605303961
-9.82050046106 16.8909757573 -43.1909361899
-17.3430902258 13.1953353977 -45.1603799465
-16.4718177648 10.3295887235 -44.9919154149
-23.6810240189 6.04626384591 -43.8287978625
-22.4792354517 3.32145741517 -43.4666733609
-3.02036084669 18.071014575 -40.5151785666
-3.41204809687 15.2263871618 -41.3838994526
-9.72053990794 11.6669146366 -43.6416546856
-9.80341737214 8.66883181397 -43.573605333
-16.2824089998 4.54988294553 -43.9754557866
-15.9753258856 1.72392842047 -43.0164557954
-22.1988493017 -2.18569768224 -41.153357644
-21.5084562743 -4.70906716414 -39.6850375408
-3.00280373332 12.0247156801 -41.7195674122
-3.2867225892 9.05725168126 -42.0565355096
-9.489605283 5.16568676144 -42.8794089074
-9.30297922772 2.27044926474 -42.1160148066
-15.6552712617 -1.74380694237 -41.0397334811
-14.8249180429 -4.05107747711 -39.3114348347
-21.2313462989 -7.67357692624 -36.8743622027
-19.7009078299 -9.20252578818 -34.7958835595
-4.01047306375 6.82713344626 -42.2918756438
-2.15141837551 4.47700389596 -42.1476301482
-10.3598033693 -0.0539128022862 -41.403906437
-7.88961423528 -1.75461746531 -41.4798622884
-16.0595579916 -6.26905491542 -37.6584683196
-13.2448048528 -7.24426487456 -38.0136166034
-21.0455128984 -11.12238829 -32.5762669201
-18.1447286046 -11.5336062924 -33.2215189913
-4.49790773411 0.564595774669 -42.300756234
-1.55412311447 1.09212385471 -42.0644381478
-10.2903525538 -5.67862189768 -39.9204057727
-7.56468161392 -4.96858392244 -40.9531516277
-15.5070412389 -10.7299897673 -35.2652997008
-13.0642518237 -10.1340452623 -36.9016462472
-20.2823717062 -14.4579527524 -29.9448621229
-17.919201658 -13.9738143966 -31.7284084149
-4.20954331388 -4.73818800833 -41.4128590059
-1.72207877706 -3.06414977351 -41.5134381609
-9.87521378522 -10.2418449057 -38.2902905486
-7.58557375574 -8.81959705662 -39.6073932748
-15.0094822073 -14.4102217469 -33.2166641933
-12.9175096487 -13.3628313275 -35.0945950023
-19.7575544948 -17.3886433034 -27.8265338952
-17.6638555724 -16.5616202484 -29.8095764286
-4.08156403771 -9.28019512085 -39.6872860153
-1.70656821263 -7.51181408871 -40.1691816015
-9.56602368952 -14.0476956982 -35.913066997
-7.42108985008 -12.6707410888 -37.4952347592
-14.5646565673 -17.3944025485 -30.5993056559
-12.5969693263 -16.4059796397 -32.6367616861
-19.2556300822 -19.7428363901 -25.3171998003
-17.2511546742 -18.8989861715 -27.3835964581
-4.11417319251 -13.4039443401 -37.8810785076
-1.55804371849 -11.9869188785 -38.5580134774
-9.42471781056 -17.5293824432 -33.631830943
-7.20312052634 -16.4946634602 -35.3621089938
-14.3048672956 -20.1895628626 -28.1985869177
-12.307315302 -19.4653312418 -30.3164336053
-18.9369754642 -22.0078883315 -22.9963806239
-16.924485011 -21.3047545601 -25.1071826221
-4.16057659944 -17.2597979844 -35.8298194085
-1.40581300948 -16.2703237342 -36.4872525013
-9.3361241371 -20.8569662453 -31.29852181
-7.00068225802 -20.1277501849 -33.0345964532
-14.1435002128 -22.9810682347 -25.9008105346
-12.0915397528 -22.4726291215 -28.0294128786
-18.736148761 -24.3397552839 -20.7754849476
-16.7259335926 -23.7760663201 -22.9298502204
-4.1904673163 -20.6780154042 -33.328904969
-1.2523952232 -20.1359775512 -33.6008007978
-9.26982538122 -23.8820989512 -28.6470102006
-6.7577212158 -23.3447160778 -30.196381786
-14.0314025252 -25.6617749082 -23.4593014872
-11.882518412 -25.2765401866 -25.5169436516
-18.5984528361 -26.6494581805 -18.4652926239
-16.5947020613 -26.2204770399 -20.6564014787
-4.01218863946 -24.6423635666 -29.096441722
-1.2410893995 -25.481509027 -28.311047618
-9.21285490928 -27.4768299607 -24.2760201852
-6.32895790492 -27.5952898159 -25.0940087736
-13.8842818888 -28.9850248757 -19.2647048837
-11.483967478 -28.8741070291 -21.0608641085
-18.3077080721 -29.4209644918 -14.3961307717
-16.3419913595 -29.2935510262 -16.6588113977
-4.0137259879 -30.1603565065 -21.6468859801
-1.0363106542 -30.2066137427 -22.0113831663
-8.87056517241 -31.6815410035 -17.2347759991
-6.11125508191 -31.6451532299 -18.4115868397
-13.480350363 -32.0361471092 -12.6820039529
-11.0623268044 -32.2579111238 -14.4438163127
-17.724489427 -31.0073855874 -8.16402045237
-15.7058459092 -31.7165695814 -10.2669080886
-3.77058820554 -33.9082911503 -13.5831231326
-1.0994188679 -33.6677264465 -14.9273638078
-8.52350084013 -34.3168258328 -9.65111498135
-5.95227406731 -34.4015127374 -11.1943651266
-13.0216500833 -33.3978772992 -5.64675334212
-10.6638205815 -34.1686323474 -7.33393344384
-16.9322306118 -30.6156104313 -1.88711932259
-15.0094579996 -32.2811390917 -3.47738966535
-3.47197703264 -35.8264434183 -5.22709750632
-1.2328761027 -35.6555999665 -7.21637866808
-8.19365126721 -35.444942897 -1.81723500853
-5.83210115045 -35.798189792 -3.63335661161
-12.5557476587 -33.3167300229 1.38400360172
-10.3220556579 -34.7167268659 -0.0479981040232
-16.0329344258 -28.8630838382 3.83723310952
-14.3922793 -31.2782742372 3.14795370736
-3.44128768726 -35.7883838882 2.97323959881
-1.2376868666 -35.8848148096 0.939807893395
-8.22552790121 -34.9623322951 5.84517147557
-5.78668282631 -35.6382219163 4.23420657195
-12.5061224674 -31.9472645365 8.02599626838
-10.2890901858 -33.8384317965 7.31307673772
-15.5919991512 -26.3164752293 8.84272569315
-14.3071238298 -28.9947040661 9.26247050387
-3.65423572852 -33.5074995703 10.5038505255
-1.10292644116 -33.7784455309 8.94904854244
-8.52124755007 -32.3001035497 12.7331663514
-5.75056809941 -33.0542103611 11.8644556408
-12.7915463596 -28.9549078032 13.8137867558
-10.4015239496 -30.7313694994 14.1770727608
-15.7751507519 -23.2216104 13.1484795471
-14.5361863891 -25.5464465914 14.5837857829
-3.82406317581 -29.4384439898 16.9371524301
-0.986299568752 -29.6572769748 15.9888856769
-8.69316846008 -27.9747234878 18.4300341873
-5.7244110291 -28.4000346526 18.3552696963
-12.9858492179 -24.7927901 18.5366531785
-10.4510807771 -25.8157310262 19.7729948841
-16.0758442165 -19.732377612 16.7767988837
-14.7137646929 -21.2315272918 18.9897809463
-3.91865754348 -24.1735063496 21.9885211681
-0.936202004463 -24.104231114 21.6720406797
-8.72613578054 -22.6123507999 22.7336169755
-5.7832129184 -22.4067700085 23.2785404249
-13.0620773585 -19.9186994865 22.1318514023
-10.5467184615 -19.8012388069 23.7625483723
-16.4368018721 -15.9855975429 19.7855054388
-14.8983948847 -16.2017855223 22.3519361702
-3.92709087329 -19.312096859 24.8858136935
-0.949158043906 -19.5098223884 24.5811488305
-8.75239738392 -17.6200901458 25.1233713366
-5.77587369006 -17.7949908838 25.4546060446
-13.2080676619 -15.2988197218 24.1662893675
-10.4740743129 -15.5126922214 25.3826523565
-16.8766975781 -12.4080838932 21.812213012
-14.9354436683 -12.764590206 24.0715130158
-3.94615905994 -16.0927285749 26.2529297346
-0.948875889238 -16.1892257543 26.169372036
-8.77441857329 -14.6005471438 26.285079308
-5.82542231829 -14.540848849 26.8326714934
-13.2846200476 -12.7428390432 25.3746359783
-10.6493448152 -12.562144709 26.7968434199
-17.1710154244 -10.5800458178 23.4614021932
-15.359598809 -10.3477911444 25.841492026
-3.97086400594 -13.0116315034 27.6394930577
-0.97224412296 -12.9362588568 27.6904612983
-8.85613213699 -11.8010843257 27.7213459849
-5.94154557971 -11.4098142623 28.3147201817
-13.4909330428 -10.3839078558 27.0651067622
-10.9556121684 -9.71042236038 28.5206359962
-17.5990121691 -8.75476231939 25.5905144317
-15.9865681459 -7.87372593607 27.9619695047
-4.00107635455 -9.94762188721 29.0370691116
-1.01717230799 -9.67415009903 29.1837995516
-8.96929721681 -8.98254289927 29.2691059172
-6.11407616835 -8.23743584403 29.8099647164
-13.7569813395 -7.9159603306 28.9383058104
-11.3442919369 -6.70305781644 30.245133013
-18.0920131944 -6.67700931921 27.8424933087
-16.690093872 -5.08361063775 29.9628005637
-4.02325753142 -6.85130651035 30.3807930143
-1.09342005118 -6.25635853369 30.6299701489
-9.08834782665 -5.99806865491 30.7117432769
-6.32650189797 -4.90863363277 31.1422527411
-14.0620773366 -5.10399119339 30.6329526348
-11.7020001752 -3.49773372841 31.554892301
-18.7095918861 -4.11929823053 29.7764182126
-17.1634920935 -2.02795776563 31.2717009588
-4.00670147107 -3.64741887556 31.4950396922
-1.21944415865 -2.59059641918 31.8331564916
-9.19102164381 -2.79962783172 31.8103999572
-6.56613083143 -1.39511000958 32.180910295
-14.3520496828 -1.93294803015 31.7625469774
-12.013222289 -0.168053492354 32.4067780636
-19.2955713991 -1.06533710507 30.880043533
-17.4234039329 1.06523445087 31.857619015
-3.94743869798 -0.272596035203 32.4301656832
-1.40512066864 1.26811295337 32.8336936874
-9.28740772109 0.578790975994 32.6575117359
-6.85551032067 2.28946262645 33.0568581245
-14.617160602 1.41765410014 32.4382642798
-12.3656902422 3.30456415608 33.0469116818
-19.714834844 2.15390741754 31.1977314364
-17.707961136 4.21460714878 32.049772831
-3.8410337636 3.3252446389 33.2722724671
-1.66505702052 5.34301097176 33.7124363451
-9.3917107707 4.17023768192 33.4208027119
-7.22663526042 6.19039499024 33.9018562269
-14.9000118958 4.93207434274 32.9136598949
-12.8197492638 6.95732971362 33.6692047743
-20.031554341 5.40903622653 30.9904164195
-18.094816112 7.42305477705 32.0825584939
-3.68727938675 8.10998093854 34.0419050436
-1.98256628073 10.5754983003 33.918708594
-9.40344456863 9.10272865921 34.1762597318
-7.74936552801 11.6040388354 34.0898309752
-15.0431292869 9.83025834696 33.3576162991
-13.5205142329 12.405148827 33.5847339181
-20.0695157936 9.84035107005 30.5328164313
-18.757796455 12.4632527957 31.1650971555
-3.93546790582 14.3522974062 33.5055077872
-1.87536811408 16.4651293798 32.965202411
-9.81170291381 15.7771227579 33.5646218699
-7.84396322173 17.9840654537 33.0572714567
-15.5609989736 16.6078621183 32.3460121197
-13.8641031176 19.0816790791 32.3738347419
-20.3676585785 15.9606663663 28.548598648
-19.1899546711 18.6190323493 29.287587015
-4.18030969853 20.7640801707 31.9252090608
-1.79626915521 22.4620008175 31.2668655598
-10.2541623708 22.6600856771 31.7877740893
-7.98629657117 24.4853828121 31.0631534413
-16.1688719927 23.5753361606 30.2106886743
-14.3082518923 25.9264315768 30.1084967653
-20.8570716509 22.1619546474 25.8657733889
-19.8551791647 24.8877334686 26.6183298747
-4.42725830578 27.5304683413 29.5727173485
-1.78488447778 28.8638511091 29.0828694665
-10.7662010233 29.8032692597 28.9441127756
-8.23920863663 31.2658304863 28.2547477516
-16.9420487071 30.7982912007 26.9821370526
-14.9117485181 32.9983354551 26.7880071428
-21.7891578277 28.8808428099 22.6369062616
-20.8731955127 31.6801676337 23.2068128928
-4.66501844368 34.8132849454 26.4997052295
-1.8694315361 35.7592575894 25.9613469853
-11.3486740117 37.1967650973 24.96801499
-8.61688086427 38.1871314221 24.2220386216
-17.9736056537 38.2370089713 22.4807129017
-15.5681310133 39.9604663147 21.9873706873
-23.4509563428 36.3575662185 18.4510800989
-22.0956089868 39.0329749203 18.5233422757
-4.80841554272 40.72169988 21.3623272341
-1.94479295364 41.185857044 20.5979818969
-11.7242132923 42.9041763141 18.8125623805
-8.86356415114 43.3214174329 18.0109413103
-18.6847022009 43.7630851768 15.654320011
-15.9129476303 44.7274538678 15.031929757
-24.8287265201 41.915785112 11.7512208485
-22.6775945777 43.987547968 11.4676189533
-4.89084133388 44.7861455464 14.6310837097
-1.99213749074 44.9253215594 13.8707245399
-11.9287364282 46.3844973673 11.1294088929
-8.99168758137 46.5284566225 10.5352541959
-18.9985100011 46.6478695702 7.30030477103
-16.0680366531 47.1730947632 6.93089381639
-25.5597264966 44.7088706034 3.35288011424
-22.911437077 46.1096770128 3.19698093716
-4.96360774876 47.4136959123 7.09198466375
-2.03266805024 47.4715056447 6.45460681779
-12.0723754698 48.025986972 2.7780056508
-9.09904334664 48.2922526392 2.48068649544
-19.1113573364 47.2284998616 -1.55810963437
-16.1573095424 47.7515228124 -1.55113657631
-25.8789607903 45.017782839 -5.60365501783
-23.0534899723 45.998715572 -5.37023344663
26.1468737025 31.6885101718 16.3134528407
28.4690064201 29.8021024718 16.0917195971
19.3348003819 37.9017353717 13.7076797677
21.8775510139 36.3104924737 13.6590457991
11.6024595657 43.3227208058 9.61493410706
14.3427064481 42.1017160498 9.62887716602
3.04660274778 47.3489689892 4.2551627021
5.95452639902 46.6127576342 4.21074559538
26.2301813568 33.2176136795 13.2566981952
28.4566402848 31.2069244895 13.2535960898
19.4182901175 39.4101415802 9.33340516774
21.8836248067 37.7092348392 9.50381974616
11.6811589782 44.5329895708 3.79891439723
14.3573425134 43.1935516312 4.00855144693
3.11180544235 48.0897487909 -3.01073804777
5.95507500829 47.1386248641 -2.90499566667
26.1539593074 34.0928509462 9.96377627467
28.262636136 31.9683328038 10.1635378709
19.3880769155 39.9790069055 4.75875506774
21.7039492999 38.1065799615 5.12035213466
11.7042195293 44.5243108282 -2.12967812559
14.2457393561 42.9820231626 -1.72715393167
3.16363704377 47.169196607 -10.2666137595
5.89704650107 45.9692023722 -9.96914682828
25.8534440541 34.1292779845 6.54001592618
27.8228722367 31.8984853035 6.92069511898
19.1802425805 39.3311444549 0.194841390585
21.2551411381 37.2324486451 0.733610240513
11.6336741109 42.9917050772 -7.83101526222
13.9329543573 41.1674385548 -7.21023993708
3.20256123493 44.3627025064 -16.9864941699
5.74141190809 42.8648854418 -16.4290165465
25.2344120632 33.2042699581 3.04490192563
27.2853266526 31.1622590189 3.83480107859
18.6707173498 37.3644215498 -4.10119193037
20.6989738998 35.3016705958 -3.30668965291
11.3586886 39.9199819574 -12.8066608827
13.5406553544 37.9796811788 -12.1179998839
3.1826113244 39.8946074562 -22.3909302284
5.53804180152 38.0746148342 -22.0173340252
24.7719001791 32.2411930726 -0.287379825379
26.9804444827 30.699211345 1.03346248572
18.2256726335 35.3847281455 -8.08826327834
20.4467562199 33.6770922307 -7.0155250603
11.1029027774 36.8069064424 -17.1538534825
13.3546484038 34.8563221248 -16.8004946653
3.3944525367 35.3117711315 -26.6793889813
5.1707976663 33.0056015235 -27.4047714457
24.5886819658 31.4913238918 -3.41606042026
26.7998433712 30.3845518846 -1.71728999348
17.9851647323 33.5841148829 -11.872546978
20.3568892367 32.2528253779 -10.6066120946
11.0724007047 33.7744614635 -21.0241614485
13.1511010847 31.6434903285 -21.3956002069
3.95126525003 30.3817556456 -30.5442585041
4.51755126565 27.8581359014 -32.0643451909
24.5926487894 30.8480014094 -6.44983490814
26.720001536 30.0895303808 -4.4752230501
17.8834447054 31.7740454867 -15.5247951361
20.3694437452 30.8111738513 -14.1490455267
11.3588131951 30.5174943221 -24.5065443046
12.7351861393 28.1439680541 -25.7197922486
4.3396081556 24.9648599086 -34.0482431538
4.05262630084 22.3997639868 -35.5772704026
24.5566309476 30.0475415972 -10.054386528
26.8513529506 29.3258613162 -8.26178269528
17.835153466 29.6290515258 -19.3139546577
20.458613957 28.8264015076 -18.1001968563
11.0034842289 26.693383483 -28.2872665653
12.9893313143 24.494542465 -28.7579145559
4.17083979372 19.838008047 -36.5684785557
4.14021979982 17.0209204164 -37.5995361185
24.6062344582 28.4229601738 -14.4320956366
26.9223111386 27.8288533048 -12.6202386226
17.9248158201 26.5852353664 -23.485876717
20.4660912881 26.3525750344 -21.9086043354
10.6087763993 21.7827308164 -32.1058336971
13.3493683303 21.4687100562 -30.9266192001
2.7859172306 14.2598861599 -39.0063226846
5.4775842351 13.1508061485 -38.2818433782
24.6624093958 26.1711052437 -18.5502915859
26.9962688586 25.6934880593 -16.7268383143
18.0335073314 23.0688181796 -27.1720126702
20.4779752688 23.315169406 -25.4504181836
10.7354594978 16.953473834 -34.7889777544
13.2250609552 17.7717995922 -33.3287628604
2.86025130132 8.28577954945 -40.294232806
5.37388538906 9.53274005627 -39.2327559256
24.7224589862 23.3288902055 -22.3178770206
27.0787551072 22.9683114869 -20.49637995
18.1301111099 19.0826914446 -30.3024183185
20.4943542913 19.745821889 -28.5788719187
10.833908739 12.0906336019 -36.6708772128
13.120076027 13.5025681861 -35.3367558312
2.99906392477 3.09173989573 -40.6123025729
5.19813281791 4.98204388725 -39.8436369611
24.816992835 19.8547161449 -25.6942634724
27.1283760246 19.7830552569 -23.7831453526
18.1761717615 14.7043998292 -32.7689137515
20.5232398991 15.6693946172 -31.1688961839
10.8150923967 7.17285830679 -37.7543433221
13.0930110151 8.81824295555 -36.7037263005
2.97631617553 -1.8196917217 -40.1261225714
5.16297744205 0.191978917462 -39.711763132
24.8983965491 15.7789414097 -28.4723263948
27.1239323143 16.1631954475 -26.4976518918
18.1786571199 10.0301555275 -34.5288917167
20.5457366939 11.1841856263 -33.0918291499
10.7409768418 2.28231065736 -38.250633141
13.1338985348 3.91005644244 -37.4604626336
2.87055030642 -6.48046193521 -39.3093274675
5.23378823802 -4.63922188099 -39.1513985553
24.9341734526 11.3148088734 -30.525677817
27.1141490174 12.133459557 -28.6342451338
18.1581004797 5.14137406348 -35.5491422843
20.5430691703 6.45216227972 -34.2867007621
10.6690496719 -2.6035580007 -38.1301984467
13.1691293739 -1.05665633926 -37.5329575125
2.76133210943 -10.9573905099 -38.0586667519
5.31632865329 -9.38517245568 -38.0475739269
24.9447747381 6.59853959941 -31.8439091581
27.1101728537 7.80901934199 -30.1569622729
18.1116628007 0.163061534779 -35.7982595058
20.5203321221 1.60215224342 -34.7365015142
10.5821657751 -7.38953132114 -37.304721089
13.1853645337 -5.9716334948 -36.8432863944
2.64004129596 -15.1197801697 -36.2140554436
5.39374075622 -13.9297499635 -36.1829525342
24.7909676609 -0.28760389052 -32.5522814562
27.2628614655 0.591366185988 -31.0972376002
17.8908246155 -6.78118585142 -34.9930705126
20.6267357659 -6.07169851798 -33.987377766
10.3675835536 -13.7680040487 -35.0710737064
13.2757287886 -13.4382074847 -34.4123434744
2.50552440881 -20.3519714199 -32.7032762494
5.45249456545 -20.5157621139 -32.1661175164
24.67449343 -9.52106696977 -31.0079001134
27.2762814818 -8.81127218857 -29.693788131
17.7937420434 -15.971682883 -31.536294669
20.5590584518 -15.128609629 -30.7348879998
10.308857213 -22.2255718621 -29.8651612171
13.1941876642 -21.4376026903 -29.6328408095
2.47698920739 -27.4050822154 -26.0418196899
5.41266380269 -26.8781986676 -26.3646329447
24.5740239986 -17.8008658688 -26.8250796636
27.1707090272 -17.2806729212 -25.4156023992
17.6782564749 -23.7459597811 -25.6906014526
20.4688294075 -22.8234239337 -25.0892443886
10.2576212577 -28.8605755759 -22.7136239566
13.0859866273 -27.8961354655 -22.97858548
2.54149957193 -32.4506264466 -18.1821194516
5.28516765789 -31.7884144384 -19.1988596792
24.5094382853 -24.4232097962 -20.4416374703
26.9455259631 -23.9237261708 -18.7635454187
17.5480026819 -29.5058065641 -17.989744061
20.3638814107 -28.5557717791 -17.5795478988
10.1937323621 -33.2240608628 -14.1811243763
12.9594595949 -32.3391125672 -14.9345295715
2.61458806382 -35.302604644 -9.54842563074
5.1439170019 -34.8165360424 -11.0866819285
24.3888797997 -28.8995916665 -12.3107630523
26.6542418359 -27.9246392577 -10.6026639201
17.3931178927 -32.784780839 -9.1121815542
20.2147681829 -31.8112314994 -8.8113637965
10.0498384981 -34.9842083859 -5.0852200598
12.8538042393 -34.3888558389 -5.97028020852
2.56742463409 -35.7871825032 -0.825321075927
5.10449806201 -35.6531228286 -2.42071645795
24.0048526686 -30.3559412502 -3.16150272018
26.2616741904 -28.8381859188 -1.8953371019
17.1050363601 -32.9935976291 0.150930973939
19.9043166541 -31.9413307005 0.389183249207
9.80902093239 -34.005521569 3.76577354675
12.711369182 -33.5735096992 3.14148164199
2.39883380807 -33.9401759341 7.31974783973
5.15171290441 -34.0135520607 6.12967531045
23.4835747918 -28.7532773622 5.66629759116
25.814676439 -27.0068928346 6.38470290292
16.7348942007 -30.3924008968 8.74459740143
19.5080746191 -29.256103388 8.87986875209
9.56643581876 -30.7175007147 11.7110528092
12.5071441626 -30.2419855007 11.3559194294
2.25213233324 -30.2132399331 14.4570472987
5.16254145286 -30.2570808529 13.7306887575
22.9494928424 -24.7097482158 13.261458697
25.406336911 -23.0026422654 13.484408235
16.3638945335 -25.6619297722 15.9342004968
19.1124324949 -24.459633067 15.9295413674
9.36259645856 -25.7281309831 18.2810394821
12.282587419 -25.0628580233 18.1047877311
2.15477926752 -25.1437538983 20.2859660106
5.13200228664 -24.9480711953 19.9731539678
22.452465038 -20.177627399 17.9775265311
25.1692872962 -19.030395633 17.4273119441
16.0146391518 -20.7938932865 20.2537188466
18.8410059998 -19.9555812169 19.697946128
9.19332950906 -20.8908680938 22.2139947877
12.1131677565 -20.398649935 21.7320550689
2.1054639957 -20.4567954843 23.7368101838
5.08118654178 -20.3091693647 23.385695021
22.2045847046 -16.9298874547 20.18801463
24.9707895726 -15.8533896079 19.752970938
15.8226414856 -17.3903092284 22.2836452326
18.6522366892 -16.5223026542 21.7937926316
9.09465188584 -17.5239896498 24.1284087295
12.0063418366 -16.9372042328 23.7068111661
2.07320213385 -17.1996753175 25.4602601489
5.05316152903 -16.9439951545 25.2268727943
22.1179278827 -13.6749418011 22.1750578087
24.8988343225 -12.6020226043 21.8353465049
15.7505066314 -14.0433734346 24.1449908035
18.5743755774 -13.1257738998 23.7163006251
9.06257470331 -14.2067669999 25.9060840796
11.9614886511 -13.5245139885 25.544381506
2.06596068489 -13.9973530791 27.0846691614
5.03906951489 -13.6173504209 26.9573040772
22.1914943942 -10.3527975475 24.0107651829
24.9622243628 -9.23380831109 23.7444598507
15.7946817103 -10.6713953 25.9022381487
18.6022524691 -9.68174636716 25.5305643353
9.09651335243 -10.865740879 27.6032491403
11.975418166 -10.077491613 27.3023003585
2.08405940597 -10.7818602336 28.6584853246
5.03793700265 -10.2587721566 28.6270845656
22.4176472451 -6.84838036402 25.7568149133
25.1766157293 -5.70182508552 25.4856988931
15.9523693069 -7.17051450676 27.5864909229
18.7306882175 -6.09201040678 27.2433103037
9.20142168191 -7.42834839511 29.2267873314
12.0351300149 -6.47479068359 28.9801605396
2.13791706834 -7.50876943761 30.1707103052
5.0359769071 -6.73560486617 30.2295806412
22.7542777657 -3.04875315358 27.3036688202
25.5012969221 -1.90750780966 26.9145097018
16.1922493959 -3.42458224669 29.0729570595
18.9288230365 -2.24788752049 28.7172124445
9.35703455064 -3.78772157065 30.6010181048
12.1096694818 -2.61182323753 30.400359075
2.23287146878 -4.08296381433 31.4228116067
5.00746346472 -2.94890911763 31.5475481329
23.1709396198 1.06838145797 28.470045654
25.8911056648 2.19733453175 27.89894002
16.4988931109 0.609529422338 30.2497033821
19.1772992413 1.89365214742 29.8287883939
9.56116459835 0.0961660676268 31.6943166017
12.1999939198 1.51011964948 31.5011454847
2.37053495468 -0.458572926262 32.4402867412
4.95598316126 1.05578375492 32.5892209994
23.6296257493 5.47990675766 29.0863770858
26.3088198863 6.56116530478 28.278417476
16.85846151 4.93687628184 31.0101363553
19.460745058 6.31679580916 30.4409769451
9.81999201938 4.24289139144 32.4995083067
12.3098745162 5.89600009432 32.2392838491
2.56206394031 3.39603263508 33.2831981447
4.88119605485 5.29472997224 33.4119407451
24.0107154275 9.41606640668 29.1641778197
26.7538881407 10.150201864 28.1966817751
17.1741861896 9.21836746792 31.2880978742
19.8099170808 10.423723416 30.5134755744
10.0731563095 8.78501115634 32.9470998949
12.4857758895 10.4932241915 32.4359492433
2.76727551888 8.11212070807 33.9052266691
4.8252992076 10.2841124276 33.6884538223
24.3383146977 12.3594345629 28.8293480354
27.0117358183 13.1110946071 27.6945235162
17.4606764998 13.0784108638 30.933642193
20.055149237 14.2140835206 29.9442187078
10.2383046904 13.5966779445 32.5747690541
12.7068689568 15.1196555761 31.8087862893
2.72629104729 13.799809898 33.4696479004
5.00959109045 15.6792189688 32.9653043094
24.6477915158 15.1811318821 28.0844330295
27.195653043 16.0913050937 26.7882901505
17.7559767793 16.923622315 30.0591606545
20.2960383845 18.048456741 28.9265377887
10.4258601341 18.5057345457 31.5574535448
12.9579039195 19.8491911063 30.6720842782
2.70595936323 19.6550637979 32.2025753692
5.20280173451 21.2155347667 31.62750274
25.0922437455 17.8794008213 27.1151656603
27.3650314827 19.2605145797 25.7270155645
18.1669521309 20.856657486 28.9121681535
20.6265502615 22.1124599524 27.7402734479
10.711893324 23.688622691 30.1721555495
13.3077178364 24.9095712384 29.2941010265
2.74345624135 25.8999884521 30.3994371328
5.42374187987 27.1611746615 29.9245916408
25.5363155229 21.0518818773 26.1174901899
27.7672415249 22.1805193975 24.4594351481
18.667578395 25.3372004461 27.6790230351
21.1601412482 26.1752775951 26.2351542339
11.1057715154 29.4923018111 28.5227172008
13.7989991368 30.2172612861 27.4177471838
2.85043554689 32.7654322715 28.0879742731
5.67982738563 33.5696589573 27.4982614101
25.7094141451 24.4546383102 24.4409525753
28.1541674263 24.2794088292 22.7110751163
18.9672431132 29.6184029888 25.3355764906
21.5295560068 29.3721429862 23.7948271124
11.3608408929 34.624325329 25.2728969279
14.0962797571 34.4650262704 24.0514232153
2.92750737101 38.5124187357 23.8037558755
5.82867202919 38.6948023689 23.0621496211
25.8503767778 27.3111040016 22.029388533
28.3166267302 26.1962775162 20.7352582922
19.124201604 33.0500971109 21.9267140634
21.6996699066 32.0268038845 20.7778737808
11.4760243095 38.482454967 20.6386622493
14.2206497009 37.694135161 19.7191061911
2.96670969479 42.6197837357 17.9434793089
5.89023572585 42.3261317745 17.3378688141
25.9834689814 29.6812151243 19.219510527
28.3920563588 28.0206406803 18.5552821312
19.2159150761 35.739980122 17.9139001618
21.7888399519 34.287208156 17.394755482
11.524173651 41.2594660395 15.2554642168
14.2793996198 40.1394671809 14.8626125682
2.99158615782 45.3929034152 11.2708686363
5.9225584494 44.8254785848 10.9751821675
52.9369282463 5.36480947796 3.31469856395
53.5536681031 2.88037789072 1.75033555071
48.7387178307 12.8954592812 8.004249576
50.3126867725 10.7962633744 6.54960243136
42.0445137188 19.3577402498 12.0621460914
44.1712122316 17.7241798618 10.7172914916
33.7241062695 25.1449823165 15.7206044653
36.0768752955 23.8542002625 14.3795751595
52.9304498269 5.62578389503 2.84680395559
53.5519639485 3.01884663395 1.49862061743
48.7124758392 13.5141189038 6.87806697983
50.2927835758 11.307927101 5.59926082297
42.0177869254 20.2818415297 10.3752465141
44.1392813916 18.5532334143 9.14594784675
33.7364210663 26.3816279038 13.5571178873
36.0535102065 24.9834630264 12.2624237567
52.9276269622 5.84665414204 2.35877766007
53.5515024952 3.1355019471 1.23608754469
48.6907447376 14.0366971817 5.70555034802
50.2792729112 11.7394022669 4.61055522646
41.962935947 21.0341894883 8.60919084126
44.0906736954 19.2302550999 7.50531005234
33.6487248171 27.2909160654 11.24312378
35.9464004835 25.8091211238 10.0082269086
52.9288426081 6.02596704952 1.8540169931
53.5524772109 3.22953208536 0.964617547677
48.6706163464 14.4583156511 4.49423626254
50.2711669536 12.0875958415 3.58984401456
41.8626036888 21.5915066888 6.77837464281
44.0132356674 19.7387181288 5.80783013351
33.4194283767 27.7921895683 8.81319063913
35.7206866421 26.2609112433 7.64725878569
52.9338302106 6.1625998544 1.33529559543
53.5546639928 3.30007341892 0.686829851545
48.6508061091 14.777358765 3.24597199647
50.2681164421 12.3482322256 2.55052139275
41.7096708161 21.9475409897 4.88506776685
43.9168665791 20.0757251401 4.09475625301
33.0175618003 27.8530257378 6.28632047371
35.4287672553 26.365777545 5.29931436073
52.9362327045 6.25431032763 0.806013438295
53.5556335767 3.34651064997 0.404711065963
48.6324089561 14.9911861545 1.96963073273
50.2612515643 12.5162074207 1.49915010081
41.5929867003 22.1775320707 2.96581437262
43.8482876527 20.2852719097 2.38877962744
32.7151596405 27.8476749021 3.79145661225
35.2514076643 26.4259986665 3.05234725417
52.9296783958 6.29905529147 0.270749282371
53.553719323 3.36857049875 0.119647327519
48.5898497391 15.0827564545 0.680230522876
50.2301252135 12.5826985097 0.436906375116
41.490002624 22.2546678387 1.04543873783
43.7687696526 20.3390538413 0.674434906703
32.5403057613 27.8097341281 1.35762012797
35.1328665945 26.3950599829 0.831003200146
52.9083728522 6.29542960964 -0.266161574894
53.547426731 3.36598883102 -0.166227274034
48.493600005 15.0358431384 -0.608997473744
50.154413448 12.5375554714 -0.625042408476
41.3479825051 22.1306838625 -0.863429693152
43.6369926759 20.1987572127 -1.03103595049
32.4268010231 27.6569721728 -1.04106087356
35.0268203323 26.196759954 -1.36920698074
52.8695329526 6.21371393238 -1.00097252302
53.5363390836 3.31945765418 -0.578302226232
48.3286069866 14.7753959098 -2.33218276615
50.023800279 12.3066589212 -2.15425755057
41.1406436719 21.6771888787 -3.36351704925
43.4197344255 19.7308731731 -3.49618396629
32.3469822531 27.1911332814 -4.15628821993
34.8662054759 25.6217318676 -4.59274389471
52.8298264747 5.98032476512 -1.93764950906
53.5253790911 3.1906549959 -1.08094119428
48.1596600323 14.1607665388 -4.52991735968
49.8951340733 11.770600733 -4.00528675276
40.9266374075 20.7152797043 -6.55238171165
43.2111366799 18.7737366037 -6.44526746191
32.2598829457 26.09841509 -8.17347539556
34.7212697499 24.405711346 -8.44975249418
52.7959057671 5.6076521136 -2.82695947656
53.5160945355 2.98644776904 -1.5578590384
48.0165040744 13.2351446523 -6.60099420955
49.7870145484 10.9684934647 -5.74800824489
40.7486597794 19.3216960706 -9.54160989549
43.0381910558 17.4132784102 -9.20103895069
32.1971006492 24.448657349 -11.9669422302
34.6023990782 22.658580851 -12.0677668224
52.7713665678 5.10520064099 -3.64891641851
53.5095112014 2.71164356461 -1.99784796995
47.9146542829 12.0283718271 -8.50882401444
49.7115090341 9.92429670206 -7.34943586916
40.6283696323 17.548575575 -12.2908960391
42.9213078753 15.6983127114 -11.7261292289
32.1741070321 22.3015052515 -15.4784340378
34.5275523501 20.4427322625 -15.3993258174
52.7595677732 4.4838505182 -4.38678051747
53.5065928634 2.3739458888 -2.38921801045
47.8671162297 10.5605637531 -10.2371997965
49.6803484505 8.67484792457 -8.76877726617
40.5761570564 15.4138855196 -14.8126214795
42.8848794052 13.700942927 -13.9549334297
32.1738095766 19.6591220447 -18.7474459924
34.5353094072 17.8583537369 -18.3225318226
52.7614152043 3.75715657661 -5.02367385455
53.5074916587 1.98185269273 -2.72331169959
47.8759568685 8.85388500287 -11.7523609434
49.6928403911 7.24919781655 -9.9849013826
40.5894250716 12.9309203539 -17.0559067696
42.918940644 11.4598528343 -15.8687599588
32.1820807355 16.5095209096 -21.6645172183
34.5972254495 14.951607564 -20.8042951435
52.7767597871 2.94246706881 -5.54374114334
53.5121094103 1.54343152179 -2.99384693578
47.9424276765 6.94786646937 -13.0127315468
49.7474783509 5.66370498501 -10.989684008
40.6784997374 10.1618575937 -18.9457833975
43.0165649158 8.97960907101 -17.4843663961
32.2308207995 12.9631245979 -24.0871817661
34.6922895137 11.7253727543 -22.9001088355
52.8055309098 2.05800177356 -5.93510934202
53.5203795646 1.06889263324 -3.19455200652
48.0678448316 4.87561792489 -13.9950436621
49.8448490754 3.94667749099 -11.7636034123
40.8488714336 7.14677266629 -20.4573235581
43.1826706412 6.29114510447 -18.7776561105
32.3305753663 9.09465950147 -25.9897213716
34.8331310621 8.22596420611 -24.5816789454
52.8440806911 0.670425595049 -6.25281082684
53.5307769067 0.286721079079 -3.35777729476
48.2402294815 1.62946554346 -14.8171291544
49.9676549705 1.08374327238 -12.4258557734
41.0951268161 2.42405440328 -21.7499982114
43.3827362707 1.72781005096 -19.9383451584
32.5032050195 3.09626360148 -27.5773627082
34.9762000989 2.25010491748 -26.104844179
52.865652884 -1.25108687857 -6.16695767983
53.5361335418 -0.747537294317 -3.28652481243
48.3347229362 -2.90884916084 -14.6673913838
50.0302139806 -2.7705883245 -12.1963199442
41.2262124101 -4.21302301678 -21.5804353661
43.4711253647 -4.4954308565 -19.6105085555
32.5887135207 -5.27263285991 -27.3050815778
35.0009208107 -5.92163288815 -25.6437402662
52.8590940477 -3.0553793906 -5.4995312126
53.5334845839 -1.71107936612 -2.9037548646
48.303733989 -7.17217209094 -13.0971616386
49.9936632498 -6.3576993688 -10.7560564982
41.1788743638 -10.4372337962 -19.269469289
43.3787354034 -10.2695182468 -17.2366183596
32.5497311338 -13.0889948951 -24.3526498754
34.852651314 -13.4681874881 -22.4677701388
52.817106742 -4.56847045538 -4.31383553868
53.5207299548 -2.51220946262 -2.2458159295
48.117071649 -10.7001285543 -10.2658149074
49.8336388112 -9.28772357606 -8.25124067073
40.9162743477 -15.511054866 -15.073680685
43.0664120907 -14.8783555262 -13.0795394584
32.3705825957 -19.4492064835 -19.0648319246
34.5058174835 -19.4344290007 -16.9575698146
52.7395535649 -5.64631404955 -2.72231593691
53.4989534889 -3.07375740627 -1.37871477861
47.7673762292 -13.1328039801 -6.46846685603
49.5653246866 -11.2379417181 -4.99304205189
40.4040450259 -18.8883641602 -9.46935077533
42.5814552733 -17.7380508438 -7.75597285787
31.9694349633 -23.702172506 -12.0183206301
34.0369191476 -23.019115786 -9.95460004214
52.6713013823 -6.19239174572 -0.88045496447
53.4810893187 -3.34639530732 -0.385937249086
47.4395359885 -14.3026366006 -2.14078102971
49.3359677015 -12.1110167994 -1.36595885359
39.8619371036 -20.3737133923 -3.1792751083
42.1565135746 -18.8239177479 -2.02469627608
31.4028581855 -25.4419544652 -4.07963209392
33.5923303369 -24.1316476782 -2.5018780502
52.6253419753 -6.15853552853 1.03678387861
53.4696094091 -3.30686167499 0.642869251685
47.2016656684 -14.1461441218 2.29069046757
49.1754552254 -11.887230998 2.32898254477
39.4226989761 -19.9537020748 3.1229527889
41.8295548693 -18.2438247878 3.6552725919
30.8457331531 -24.6590044364 3.76245637705
33.1917971645 -23.0426205036 4.70228967933
52.6062690361 -5.55078371343 2.85325184974
53.4658006993 -2.95846884551 1.6118377587
47.0793516719 -12.7172642156 6.45439820376
49.1023945549 -10.6058863112 5.78403946536
39.1420793992 -17.8007997317 8.93982320765
41.6420209652 -16.1437852055 8.87203657857
30.3915546455 -21.7105892996 10.8131631484
32.9006745319 -20.0957575642 11.124026241
52.6139219247 -4.73552630072 4.06853836733
53.4692282221 -2.52858025132 2.22521520723
47.0748511081 -10.8438656427 9.27017625039
49.1217178117 -9.0685552127 7.98230608019
39.0307173649 -15.1056591588 12.8588680216
41.6247793133 -13.7705722184 12.1600222092
30.0759937684 -18.1807882617 15.4173585712
32.7893104232 -16.9609747687 15.0301018432
52.62439679 -4.05818193767 4.74723518726
53.4726350528 -2.15739964199 2.58679113242
47.0999749917 -9.30778643898 10.8282909356
49.1464105525 -7.74311776106 9.29078860258
39.0112212466 -12.9480462508 14.9910855023
41.6218672198 -11.7400568124 14.1394464243
29.9427610318 -15.4584770639 17.8166713175
32.6964764438 -14.3573772527 17.3643101399
52.6405762574 -3.28526199615 5.31541668288
53.4776799086 -1.73513865875 2.88717140782
47.1607679833 -7.56068007936 12.1515430049
49.1984112001 -6.2370909318 10.3919629729
39.071668983 -10.5375365776 16.8364642558
41.6888715106 -9.46197390358 15.8397617606
29.9348296592 -12.5454611342 19.9306763526
32.7119046758 -11.5352539564 19.4136310832
52.6712728178 -2.43515839908 5.76151277789
53.4868497188 -1.2717911054 3.11927681973
47.2953742465 -5.64356262099 13.2325451902
49.3073910159 -4.58603172887 11.2746338206
39.264129863 -7.91911658382 18.4200462308
41.8753420816 -6.98188362474 17.2784836484
30.0858482157 -9.45500057013 21.8209796678
32.8750913085 -8.51771434663 21.2364991248
52.7222280937 -1.52615497261 6.07656120004
53.5012252683 -0.778993029051 3.27746984172
47.5306318668 -3.58103410892 14.0681826642
49.4887319658 -2.8245555296 11.9249178274
39.6262227333 -5.09092297489 19.7703553305
42.2102293533 -4.32811762443 18.4508714219
30.4190001907 -6.13129814157 23.5486333667
33.2140158491 -5.30110983401 22.8424642341
52.7773723145 -0.577407705261 6.24955382902
53.5160238845 -0.268465235821 3.35836922602
47.7964037094 -1.39045250008 14.5987998512
49.6848932786 -0.978138271258 12.3045452612
40.058475809 -2.02567875625 20.7564700145
42.5945874178 -1.49605659895 19.2439759555
30.8550934488 -2.48949215096 24.9502221807
33.6417723132 -1.82551403734 24.0594057175
52.8314579868 0.388290110822 6.2745680949
53.5302557556 0.248486402848 3.36044102122
48.0656000604 0.878409749463 14.7869469748
49.8797665726 0.918163340857 12.3979682142
40.5161188626 1.22335388024 21.27990801
42.9928634682 1.47859378064 19.6064120428
31.3488982771 1.44253705453 25.8606577593
34.1123235367 1.90442401391 24.7882113635
52.882605384 1.34781095667 6.15019161211
53.5435016716 0.759788127867 3.28358294509
48.3261296159 3.17036451146 14.6145636901
50.0653252339 2.8191635444 12.1955026153
40.9728207719 4.58247441972 21.2798094207
43.3832336941 4.52661883836 19.4946512489
31.8625051682 5.59674974653 26.1538353936
34.5915173344 5.81461153665 24.9270392258
52.9273176005 2.08385226098 5.95005533368
53.5548912661 1.1358661004 3.17382163792
48.5557345479 4.96280146448 14.238796432
50.2285366135 4.24500978706 11.8541563424
41.3795111703 7.2716884491 20.9426856142
43.7344952141 6.86862785104 19.1284110186
32.325470574 8.99365819636 25.9916272842
35.034087563 8.8961928902 24.7055889794
52.9562051668 2.58220998679 5.75697417341
53.5619768694 1.40360194337 3.06552034245
48.7071966236 6.1704552151 13.8454065011
50.3320221954 5.27455223758 11.4880139339
41.6562519872 9.08524135113 20.5064196548
43.9585122542 8.60210762441 18.6446518214
32.6571970126 11.2840383241 25.6255710928
35.3145509774 11.2409219369 24.2339494192
52.9714585529 3.06159317973 5.52005746451
53.5654483757 1.66101985473 2.93441045619
48.7944329301 7.32891362412 13.319807224
50.3877941489 6.26279678632 11.012298846
41.8340626238 10.8191268174 19.8289870521
44.0903207422 10.272074908 17.9289782331
32.9084960827 13.464105651 24.9320390136
35.4941957465 13.5406702218 23.4127315678
52.9772938929 3.51842966729 5.24192895086
53.5663676341 1.90618767857 2.78150868242
48.8430792418 8.42930785622 12.6810689466
50.4146307112 7.20237323896 10.4394495712
41.9700251989 12.4620133354 18.9729143007
44.1797734251 11.8789908734 17.0294386549
33.1826852183 15.5059868391 24.0451929593
35.6392524707 15.8696633427 22.3620361825
52.9772230486 3.95096608253 4.92412854985
53.565552361 2.13578974995 2.60917639011
48.8733169368 9.48421332803 11.9332071788
50.4249910226 8.06862174125 9.79115022559
42.1021996418 14.0974031106 17.9490459705
44.2587557524 13.3381300238 16.0066839749
33.4831172284 17.7338879246 23.0045124682
35.8454831016 17.9573642846 21.1689510288
52.9702710154 4.35547753106 4.56858941333
53.5631068056 2.34841546768 2.41911329119
48.8624823269 10.4738613001 11.0695643351
50.4083303299 8.85207127703 9.07453273825
42.1442484613 15.6571635236 16.6850406146
44.2720073739 14.6001853026 14.8532548602
33.6171748272 20.000877647 21.5392273801
35.9880089622 19.6055924958 19.7439850139
52.9589849778 4.72754636988 4.17944345446
53.5597904902 2.54417104744 2.21172778964
48.8224185047 11.3726314683 10.1147331729
50.3755844955 9.56772083434 8.2899118094
42.1174154109 17.0423429673 15.2467396587
44.2406520223 15.7452907861 13.5705767991
33.6622950457 21.9427145359 19.7538930484
36.0340703815 21.1324451813 18.1052131738
52.9467893689 5.06483339147 3.7600416968
53.5563996365 2.72170825527 1.98856211248
48.7745998672 12.1807270976 9.08559401919
50.3400263998 10.2141188138 7.44794581847
42.0696568462 18.2726031509 13.6861510293
44.198866344 16.7786577923 12.1912951233
33.6768391419 23.6422719573 17.7750749947
36.0517706273 22.5336332419 16.3154104311
-4.75038683975 20.6265197166 -0.814179363574
-2.09609632619 21.8855442932 -0.206232832048
-11.1442241303 17.2200278033 -2.34987484778
-8.55494836326 18.6892600509 -1.97972946452
-17.1314646586 14.3480189483 -3.39551250174
-14.3978529552 15.5625913709 -3.167081143
-22.9060466344 12.9920730891 -4.41895598716
-19.9559894528 13.4376198005 -4.10486881236
-4.82161529867 21.9095436377 -4.57441928964
-2.22918331911 23.3494587855 -4.1206122842
-11.378173114 18.0264886936 -5.80436898242
-8.84275402378 19.6189340512 -5.61524516022
-17.4557518211 14.6542195268 -6.50769940492
-14.8163320433 16.0793791664 -6.45888097888
-23.2471361639 12.4692411031 -7.20404485834
-20.3988307041 13.4003611931 -7.0620188567
-4.9551976844 23.1838811164 -9.0492279473
-2.38088004874 24.6911922672 -8.73157750152
-11.7857600859 19.0393735508 -10.0851716072
-9.26543765986 20.665911102 -10.0366900318
-18.0882920015 15.31041351 -10.5382738214
-15.5158527461 16.8500939764 -10.6475456802
-24.0275055663 12.4091847248 -10.8541752387
-21.3151694875 13.6877147414 -10.9468790273
-5.17662528011 24.3756409623 -14.5583376494
-2.56193660803 25.8190967605 -14.2757805634
-12.4644102284 20.1790803846 -15.7361990721
-9.91354003658 21.7579633398 -15.7224194461
-19.2498084179 16.1662749202 -16.2130133362
-16.6979849545 17.7345943292 -16.3820436402
-25.6542577645 12.6257735202 -16.2936863394
-23.0420564225 14.0804856678 -16.5390772848
-5.49130917556 24.9952469768 -21.1851569939
-2.7700281572 26.2091494066 -20.8372051149
-13.4624457715 20.7856821673 -23.0295805242
-10.8301470775 22.2174366965 -22.8843821982
-21.0947322387 16.3854175319 -23.9331851759
-18.4976800629 17.8866640317 -23.8934492561
-28.4950501087 12.1483272618 -24.1126957192
-25.8812213017 13.6206288616 -24.0976302968
-5.73028048974 23.0729610392 -27.1510777051
-2.90713447594 24.0190537056 -26.7839874557
-14.1683295357 18.3245462091 -29.2196852843
-11.5025026197 19.6882635895 -29.0362683809
-22.3611878071 13.2443539365 -29.9777589737
-19.8111185787 14.8206820295 -29.8666883949
-30.5186881176 8.3678652066 -29.9046856298
-28.0189890936 10.0219014073 -29.7795096086
-5.85658131135 18.9599677343 -31.5516228685
-2.96629623881 19.6830605627 -31.2003552197
-14.4457636261 13.37360238 -32.9639474856
-11.7936486437 14.7757918922 -32.9516718206
-22.7124894178 7.67624753602 -32.6781379746
-20.2798123012 9.42331559162 -32.8508668246
-31.0719919964 2.46771386925 -31.822144009
-28.7725827722 4.38380160681 -32.0254295264
-5.90029425484 13.5546095665 -34.1210058062
-2.95891445192 14.0854586607 -33.863160709
-14.3678863911 7.25458889332 -34.0145074209
-11.7615726591 8.69363100814 -34.3836774659
-22.2892038914 1.41956578514 -31.9728374915
-20.0225781824 3.24472606862 -32.7016706925
-30.3157538025 -3.61602471112 -29.960275371
-28.2960680167 -1.5671668914 -30.8105994042
-5.66055994498 9.04059775011 -34.8808588836
-2.7354673317 8.44141277399 -34.589636343
-13.6895308505 3.30002167355 -33.3291414637
-10.7889654407 2.54051254861 -33.4284701751
-20.9579090163 -1.74329513911 -30.2286794795
-18.1227434527 -2.57995454435 -29.7169791119
-28.1958152144 -6.10440074658 -27.745487088
-25.4653172458 -6.70592905268 -26.65803845
-4.90496266811 5.46705495201 -34.5545718239
-2.58890044715 3.69165099281 -33.8590169589
-12.1329098678 0.180428396456 -32.3321518253
-9.71333657397 -1.58864449614 -32.2054783225
-18.5907169016 -4.2332950195 -28.4746158406
-16.1175594162 -5.83671257678 -27.9155593232
-24.7797067035 -7.9885267893 -25.3289252148
-22.2957278985 -8.98861341272 -23.9762700324
-3.88687481136 1.9718971705 -33.6725069545
-2.7400884577 -0.666139110202 -32.8206585873
-10.4567314529 -2.83484591248 -31.522119677
-8.98665669599 -5.39463488534 -30.986992941
-16.3360047234 -6.63384158908 -27.3022430336
-14.568642523 -8.91823550502 -26.4910862736
-21.7362012044 -9.60934163991 -23.2629842891
-19.6603571812 -11.1271560899 -21.7179564943
-2.95857807564 -1.56789874612 -32.6359528577
-2.8752948585 -4.52841032744 -32.1580040293
-8.86978803675 -6.01800931561 -30.8071830722
-8.35669918265 -8.86114418375 -29.9988985002
-14.2096652907 -9.24939902106 -26.5095631601
-13.2309909525 -11.8161185097 -25.3036827323
-18.9889053357 -11.3090099258 -21.7500089966
-17.5137276747 -13.3659884346 -20.1398256894
-2.4360168844 -5.26400128481 -32.1974108163
-2.98702483894 -8.13627606485 -31.5292582723
-7.77765357037 -9.4370196414 -30.2197433049
-8.25721905547 -12.0625636332 -28.8498762703
-12.5721054506 -12.1082104855 -25.7589712112
-12.994478659 -14.4570371359 -23.9411114148
-16.8101097995 -13.4519667979 -20.8428714947
-17.2461408063 -15.6540205653 -18.8526865367
-2.31041101117 -8.7927834815 -31.0619607605
-2.97498638241 -11.4064727797 -29.7478192809
-7.59274332617 -12.5863213291 -28.775899084
-8.05826517851 -14.8542511257 -26.8680773306
-12.376386078 -14.690814169 -24.2931104578
-12.6882597326 -16.8164471788 -22.1992099992
-16.6724082332 -15.5369078286 -19.4911201735
-16.893111233 -17.7563288586 -17.4847651507
-2.16963126893 -11.9139839774 -29.0892239627
-2.95404914547 -14.3000794094 -27.4487248971
-7.35776136693 -15.2875522366 -26.6634184539
-7.85312781607 -17.3087791986 -24.5025728673
-12.1528061075 -16.9861317869 -22.4519376871
-12.3836018923 -18.9830990691 -20.2250890215
-16.5674085106 -17.551024038 -17.9543902059
-16.5499995506 -19.8166550592 -15.9880196905
-2.0296008029 -14.675625646 -26.7980252009
-2.94298583416 -16.9629322176 -25.0851456277
-7.11988284466 -17.6495041029 -24.3119627384
-7.68325617104 -19.6093175973 -22.1115669644
-11.9400693976 -19.0820337299 -20.4227798371
-12.1118758494 -21.0690493241 -18.1817417805
-16.5043237053 -19.548852659 -16.2662547243
-16.2339339475 -21.8640722688 -14.3776977255
-2.16627026757 -18.6543917211 -23.6155205816
-2.63708715193 -20.8024745039 -21.5749148334
-7.0710752555 -21.0829869612 -20.9060601243
-7.26320485766 -22.9298874714 -18.5497823985
-11.7640258648 -22.1304348032 -17.2511213172
-11.6506836368 -23.8464216742 -14.792962942
-16.2783854789 -22.5173955061 -13.5748395992
-15.8295914353 -24.2160677595 -11.1431536652
-2.15340507786 -23.0441201816 -18.5021398019
-2.42098387268 -24.569940045 -15.9330397001
-6.83734272596 -24.7698035469 -15.6561933393
-6.84658433804 -25.9837291045 -12.9127831743
-11.366035405 -25.2145915637 -12.2579563837
-11.09305818 -26.2595403401 -9.45910563932
-15.7802133 -25.1957719793 -8.93546444239
-15.1851668964 -26.0939071575 -6.13559427057
-2.14012673984 -25.9192775392 -12.5516016447
-2.1979305954 -26.7484789866 -9.66905352294
-6.58681555925 -26.9750458615 -9.73770212609
-6.41514794455 -27.5151560329 -6.79171990741
-10.9187556129 -26.8832392842 -6.67169767487
-10.4933186459 -27.2040118172 -3.71939207259
-15.1579757911 -26.3982322639 -3.70805698683
-14.4308331421 -26.4298107339 -0.797684782428
-2.13257805117 -27.3014544501 -6.26158466934
-1.97435828803 -27.4498927957 -3.26943952512
-6.33510126775 -27.728126236 -3.6063149823
-5.98600673255 -27.6240935534 -0.628512066317
-10.4387473098 -27.0937380423 -0.932001446146
-9.87106101477 -26.7088789291 1.98854914122
-14.4285034123 -26.0117608068 1.59178054364
-13.5880414407 -25.2079345154 4.35718954914
-2.07961122632 -27.3393645072 0.00291381567704
-1.98924507776 -26.8016878046 2.95295410738
-6.11412691838 -27.1839867105 2.37732829528
-6.08852844254 -26.3976112585 5.27231678688
-10.0172615039 -25.9458160837 4.52754099194
-10.0540239895 -24.8279081435 7.31123105312
-13.7274156921 -24.1212615546 6.36470022959
-13.7945695593 -22.5259896384 8.90450295249
-2.05752167973 -25.8923095797 5.93911600291
-2.14763147939 -24.6797546333 8.68166786679
-6.1894255722 -25.3111018842 7.94495696426
-6.4208997451 -23.86736555 10.5645075181
-10.1688911797 -23.6700750114 9.48218091437
-10.5474398081 -21.9556092746 11.9147326966
-13.8872201105 -21.3598209519 10.4990975201
-14.4025951125 -19.3099016715 12.6279985397
-2.02511861671 -23.1474030298 11.2009057212
-2.31063020691 -21.3802499732 13.608322014
-6.25123807215 -22.316387882 12.8152384005
-6.75598752279 -20.355022738 15.0284430373
-10.3251676253 -20.5691409453 13.7781207013
-11.0530993409 -18.4063830081 15.7255789223
-14.1098736186 -18.1962105669 14.0646725996
-15.0556316924 -15.8244890179 15.63962611
-1.9835799804 -19.4319331791 15.588565989
-2.48432936186 -17.2474693637 17.582899937
-6.30444680448 -18.4786897103 16.8372341343
-7.10714243846 -16.1669821777 18.5726556977
-10.4909060079 -16.8257020022 17.3450982775
-11.5893468199 -14.4133104716 18.7500163837
-14.3977667377 -14.6788094969 17.1032736496
-15.7767165167 -12.2037511845 18.0894703122
-1.65446813859 -16.0634894133 18.274815881
-2.91011658475 -13.7489127111 19.712202979
-6.02819293484 -15.0415441122 19.3355657776
-7.68158453154 -12.7646672114 20.3758194996
-10.3380815438 -13.5220766746 19.6731291103
-12.290177839 -11.3296677428 20.2917268225
-14.4415875334 -11.662739151 19.2807872612
-16.6022382074 -9.58886072483 19.4557642278
-1.51032178198 -13.5414207445 19.5768001303
-3.11420263632 -11.3053009511 20.7715111725
-5.9736181234 -12.5315200315 20.4964178072
-7.9230750238 -10.3948674309 21.2928683444
-10.3964732571 -11.1712599675 20.7690200316
-12.5928894413 -9.16539191066 21.1592113746
-14.650224517 -9.575491242 20.3868727482
-17.0060927658 -7.71837932922 20.3549331516
-1.39326914749 -10.9675926068 20.6562369417
-3.29597979269 -8.84393125638 21.5888433269
-5.94954145702 -9.97541612826 21.4302600727
-8.14569202968 -8.00972899728 21.9897212111
-10.4811277881 -8.75215826589 21.6366346264
-12.8784738167 -6.95816506553 21.821892329
-14.8720813286 -7.37785009424 21.258494736
-17.3890588804 -5.7589362513 21.0488713298
-1.30129043564 -8.3442542538 21.4904962257
-3.45584170632 -6.36468621232 22.1532323657
-5.95039799725 -7.37829436231 22.1092070002
-8.34915182099 -5.60844747893 22.446285778
-10.5845995659 -6.27732211347 22.2448877415
-13.1448936021 -4.71371861127 22.2510954903
-15.0987045093 -5.09307550879 21.8590207066
-17.7456688903 -3.72803554865 21.4981253302
-1.39642883902 -5.73333655294 22.0188386358
-3.6252970856 -3.90722107456 22.8539725168
-6.30110014037 -4.83553853218 22.5236546019
-8.77180925281 -3.15926572802 22.8164104179
-11.1995746823 -3.85572148745 22.5441447261
-13.7563695071 -2.33000205545 22.1767478853
-15.9711253818 -2.83773484744 21.9915492593
-18.4993167646 -1.50003710658 21.0866663465
-1.81721740945 -3.31259712895 23.2080498774
-3.73047160637 -1.38505676423 24.4824307154
-7.21056176579 -2.58455342478 23.2835088143
-9.32946905935 -0.49161222008 23.6438267225
-12.4715049112 -1.71175174029 22.362314925
-14.465572174 0.280991867155 21.336318499
-17.5181711886 -0.796592808319 20.8004108422
-19.063739143 0.79652804147 18.7821973608
-2.30695567902 -0.737384223704 24.9388283388
-3.83063514754 1.51746303214 26.2013911016
-8.44342039348 -0.270345299051 24.0833374696
-9.6811579836 2.39836373805 24.6715531896
-14.1951544561 0.0534538878646 21.2894432968
-14.6826042497 2.99016091646 20.9177653086
-19.6860588627 0.606730035658 18.3190918589
-18.6824201089 2.91858649454 16.6918153103
-2.85904801001 2.09491333152 26.5017434376
-3.88090339287 4.84512054636 27.1279796966
-10.1254590048 2.43769252793 24.4445563598
-9.60528443961 5.23325514891 25.400719554
-16.2301934489 2.79968278784 19.5385770045
-14.7006896765 4.52144818556 21.4611123423
-21.2194053383 2.74257258038 14.7690584572
-19.1659153519 3.6698830967 16.7497841026
-4.87618434103 7.93512356326 26.3825853587
-2.18307545095 6.70639475614 26.8698122307
-11.5756562089 7.45207957315 23.6234691796
-9.00688732271 7.34805466103 25.169627395
-17.2059295348 6.24829041285 19.0355581746
-15.0381898316 7.03471794719 20.9545256866
-21.8699273353 4.70609894013 14.1342815585
-20.0035622551 6.17533798403 15.9667711273
-4.96157114587 11.6605068983 24.2589478009
-2.10328848081 11.1973541893 25.0436195633
-11.5907045586 11.0375909437 21.4730714716
-8.94580722301 11.4169551373 22.8371099216
-17.3313505439 9.50030854833 17.4038883449
-14.9978998351 10.5558557577 18.9662032551
-22.1128587661 7.45703917219 13.0249686124
-20.0829119049 9.03944076127 14.56617624
-4.96150936692 14.5398653134 21.0677406864
-2.02871808496 14.7003624934 21.6784582576
-11.5150236918 13.6919531189 18.2529924232
-8.76188484163 14.4069395539 19.2064182828
-17.3355878893 11.9949599309 14.7737336625
-14.7898042679 13.1483315423 15.8640178817
-22.3594478051 9.86395401899 11.2847998592
-20.0198987339 11.371950848 12.4039315346
-4.90875187064 16.3703528695 17.2917742249
-1.95043109172 16.8685472659 17.2799204339
-11.3791690355 15.2795668789 14.5157048146
-8.5207862138 16.1116888869 14.886137816
-17.2542294832 13.59580871 11.6084605258
-14.5044319218 14.6433890018 12.192574302
-22.5715902999 11.8288606035 9.05790310606
-19.8837689213 12.9828555055 9.7241703221
-4.82937875379 17.2210131955 13.0995875021
-1.88122830943 17.7326855453 12.8837163279
-11.2054506446 15.9180263312 10.564579796
-8.31047481017 16.6906490638 10.7134724796
-17.1180105304 14.3615877854 8.24614222901
-14.2440502684 15.1679874888 8.54626208885
-22.6904396301 13.2423873483 6.49153645263
-19.7687393319 13.8513278051 6.79626401473
-4.77861104491 17.7720015066 9.16062507223
-1.85544218435 18.4113917892 9.37571546975
-11.0736953151 16.1227702798 6.89826070825
-8.2209722952 16.985612714 7.24100595707
-17.0015303829 14.5603383475 5.0238627734
-14.0961356641 15.2494313569 5.3134009449
-22.7176425988 14.0050849273 3.72384489629
-19.7252150952 14.1446686009 3.88476112863
-4.73698937467 18.4202719929 5.74459791315
-1.89555344751 19.2543164615 6.22481837949
-11.0094301114 16.2634932106 3.68868144473
-8.23885088467 17.3209263028 4.14225173033
-16.9507987099 14.4651235822 2.08815152757
-14.0623080049 15.2075933722 2.41274366793
-22.7276269126 14.1440283351 0.909751865426
-19.7366334602 14.0540381575 1.12390119655
-4.72319323395 19.3650831221 2.52575674882
-1.97965391641 20.4046456623 3.15209670286
-11.0257259928 16.5917357454 0.704355195802
-8.35244304336 17.8684884768 1.177071533
-16.9854111895 14.3296982266 -0.649143406653
-14.1556385825 15.2698761138 -0.319822084871
-22.7795163751 13.7525333004 -1.8193872045
-19.7968593953 13.7556962276 -1.49728887034
22.7824879485 24.6486106343 12.297777228
25.3762570023 23.2997019085 12.9706868392
15.8663297174 26.1913449207 9.0340642277
18.6170112124 26.0181447045 10.2188650541
8.76621774566 25.3759517286 5.15947622433
11.4124035415 26.0186035158 6.41832467193
1.95622540368 23.2424415212 1.56858277262
4.54230235614 24.246906073 2.71018557582
22.6743882307 25.3656656528 9.67066810968
25.1365636769 23.9365529154 10.6168862957
15.9724291585 27.4745280088 5.984878525
18.6140982683 26.9670478498 7.31305328838
8.96106046824 27.3556019256 1.75993820486
11.5960335766 27.7351075912 3.14301165488
2.0698115222 25.2758924605 -2.19821786697
4.60714880092 26.3468186117 -1.00866471015
22.4314673704 25.4643890161 6.93236437672
24.7759187038 24.0443466913 8.15180184576
16.0526306194 28.1657036803 2.75585828504
18.513136039 27.3543334123 4.2683368363
9.19875191868 28.9043412475 -2.06643203952
11.7468384545 28.9669787891 -0.484240033396
2.20163397208 27.0546210307 -6.636328025
4.69613188742 28.1142081269 -5.3499550868
22.3079151508 25.5686342392 4.33149658375
24.5493239484 24.2463170036 5.82399908985
16.199508137 28.6205285829 -0.527286379786
18.4529995978 27.6697474265 1.20989277873
9.50242618988 29.9943341362 -6.25932978735
11.8781003949 29.8375646602 -4.43406394289
2.36707731579 28.3892222214 -11.7932420957
4.79670168771 29.3745633444 -10.3351514665
22.4467589053 26.1203292376 1.86980908083
24.6113519087 24.9550310816 3.58929078697
16.4306704556 29.0572913116 -3.88306341979
18.5443288314 28.1644823398 -1.95036054287
9.81076384219 30.4627063821 -10.7158700576
12.0364227496 30.2639388087 -8.71413733831
2.5386752718 28.8586761387 -17.4914581009
4.91324602672 29.7276269207 -15.8770423339
22.4880319663 26.2237102115 -0.633608261213
24.5964863657 25.2079578555 1.24326871847
16.5182780204 28.664298755 -7.21712219544
18.5594377682 27.9037783848 -5.15429024622
9.9545462728 29.4751988641 -14.9759927624
12.1020644246 29.3301304173 -12.886227002
2.62680266259 27.2450495981 -22.7143820369
4.98893891589 28.0151671677 -21.0329447797
22.4428993604 25.8711873502 -3.11633866217
24.501483892 25.0224394736 -1.10590170267
16.4960382758 27.534805624 -10.3878294674
18.5032254606 26.984698108 -8.22713945577
9.96823916432 27.2785852347 -18.7537986783
12.0806130571 27.2788869023 -16.6235694779
2.6482845766 23.9027974701 -26.935076981
5.00889369468 24.6211502889 -25.22876698
22.3982578459 25.2927634466 -5.53702066217
24.4198300511 24.6475425724 -3.41642267039
16.4373585942 25.9724541563 -13.3562413389
18.4538907004 25.7140764567 -11.1501499471
9.90237081526 24.3280618726 -21.9741768902
12.0396321959 24.5568168296 -19.8813833122
2.60869454596 19.4999148201 -30.0058220187
5.01257973498 20.2005116121 -28.3533995143
22.0978367008 24.9125500138 -7.72796077817
24.692591637 23.4998644464 -7.20684053437
16.1610576057 24.5687330816 -15.9321630194
18.6621576467 23.3927093734 -14.765343915
9.68292568318 21.5232411044 -24.4350347064
12.1197641258 20.871728458 -22.8110428112
2.52419145006 15.3234835867 -31.7864137862
5.01900136622 15.4441812499 -30.1246810892
22.545944031 23.5987204377 -10.0885564445
23.9676014634 21.3990445817 -11.5515384243
16.420129444 22.387974796 -17.9719655135
18.0833898722 19.9131005344 -18.3014532027
9.81318702317 18.4485249739 -25.7293449715
11.6526370844 16.2515242761 -24.8407441577
2.64635620314 11.7785156849 -32.0645403746
4.74714951024 10.3876564457 -30.4359894672
23.1737574466 21.2051987038 -12.6239150722
22.9708197132 19.2647444462 -14.9028300662
17.0325539043 19.2232515642 -19.5966969373
17.0671973851 16.5894947254 -21.0327069455
10.3620412101 14.8433551451 -26.0937479805
10.7188956731 11.8727377179 -26.3130354467
3.20056821251 8.27385926225 -31.3303201362
4.03357572961 5.55283812337 -30.3805083452
23.4138605417 18.5742726218 -15.24537031
22.5096271275 16.9214730848 -17.5800256642
17.3194949924 15.8010882496 -21.336837197
16.5257509538 13.4644874788 -23.0427877352
10.7259119416 10.9700949033 -26.4856493345
10.1045314534 8.17230226992 -27.3723525933
3.74033404198 4.54711467038 -30.4510828137
3.39228572694 1.56753191844 -30.4818885719
23.5780309714 16.0279456347 -17.8509190126
22.397298129 14.2880650947 -19.9907053714
17.4899639428 12.5954362867 -23.2951385144
16.3858758804 10.2672408201 -24.831528901
10.9002545742 7.34297858542 -27.4711294273
9.91568724158 4.63869704602 -28.3181763701
3.96710743827 0.820675754346 -30.44765987
3.15508128011 -2.0647054087 -30.5709037842
23.5992116021 13.0942187109 -19.9232295815
22.2732114039 11.1267390031 -21.7591890237
17.5596784609 9.19518602224 -24.80489997
16.2925155115 6.72605484792 -25.9440616372
10.9689574428 3.68268763917 -28.0985330385
9.80627363239 0.946502681355 -28.5003516961
4.04884602641 -2.83354076976 -30.059279115
3.03936828287 -5.63505815958 -29.6953354384
23.5499578689 9.83161676739 -21.3565901003
22.1213163123 7.72974225713 -22.9506750559
17.5808756496 5.58918775007 -25.6526878384
16.1743394 3.05852620723 -26.4384409384
11.0034094864 -0.0104643544394 -28.0586975291
9.68466419379 -2.70502135348 -28.0752333119
4.10693893421 -6.31403220755 -28.9613675086
2.92509371635 -8.97767797343 -28.248462806
23.5193031995 6.4486074212 -22.3339701849
22.0085732657 4.25019812688 -23.7068109045
17.5863489979 1.9237765574 -25.9359738794
16.0559532129 -0.61393943331 -26.4027567968
11.0242927317 -3.62251298431 -27.482359246
9.56761567373 -6.22802610761 -27.1833721004
4.15667816264 -9.56675352925 -27.4488015605
2.82312666118 -12.0890378108 -26.5215893969
23.3597701855 1.45313406486 -23.3155716769
22.1570840645 -1.22770076101 -23.9211051035
17.345324834 -3.37818849946 -25.6602688364
16.1920635146 -6.13510890208 -25.3968713748
10.7703108458 -8.69196512283 -26.0582318774
9.73412838678 -11.3418508104 -25.107215708
3.91511108888 -14.09142265 -25.0561821966
3.03100087012 -16.5367637458 -23.5599682928
23.2631123998 -5.38545929157 -22.5087961783
22.0422888478 -8.10255600217 -22.1524602127
17.20836074 -10.1239920814 -23.3886984591
16.1037331752 -12.675916631 -22.2628747443
10.6400778907 -14.8063220165 -22.5874729274
9.71442172814 -17.0905163633 -20.87702946
3.79515350375 -19.2931301476 -20.6524221494
3.09709728861 -21.2403335248 -18.4796091044
23.0648007733 -11.4743237352 -19.5268865562
21.8490357173 -13.9254235256 -18.2964292646
17.021418593 -15.7717010903 -19.2810811567
15.9895480858 -17.8874643993 -17.4212992133
10.4749659442 -19.6216333787 -17.6542869696
9.69261047818 -21.3544852809 -15.3336956204
3.64189985171 -23.0821582746 -15.1417405517
3.18235798625 -24.3761420322 -12.4744521703
22.8092597512 -16.1854470107 -14.889059111
21.6276566998 -18.1499528965 -12.9539800806
16.8178475966 -19.9361022677 -13.8857590732
15.8895432476 -21.4554408987 -11.4712485308
10.2915849242 -22.9135890047 -11.7821195961
9.69357340955 -23.9786196503 -9.04202982527
3.45860569857 -25.3585664481 -9.01714403007
3.29818228695 -25.9306000837 -6.07655873991
22.5385447615 -19.1535657297 -9.20384924526
21.3457963067 -20.3567825619 -6.72804222974
16.6577537299 -22.4402525874 -7.70900481946
15.7480261021 -23.1083440154 -4.9294276057
10.1814189074 -24.6241542444 -5.41306357522
9.63669766298 -24.85369139 -2.47187479098
3.38860614302 -26.1546437987 -2.68058860782
3.30890137968 -25.9656901717 0.312393797336
22.1206942134 -19.7545149434 -3.05548569212
20.8680829178 -20.0116779958 -0.341663275939
16.4224134268 -22.596549897 -1.22340921464
15.4389726502 -22.3169143446 1.5969893736
10.1058582893 -24.2950956471 1.02104287716
9.45530230167 -23.6640698319 3.88086513168
3.44297832674 -25.2795783437 3.4907727563
3.18334560856 -24.3550648881 6.33293139402
21.6530324124 -18.3127017027 2.56868444307
20.3778459334 -17.7399125315 5.22307929107
16.1348478725 -20.699736493 4.65358140341
15.1000108799 -19.6713920076 7.27495890733
10.0114829925 -22.1696921179 6.84461135253
9.26014550782 -20.8664628021 9.44020094541
3.49632486759 -22.933545929 9.06210468431
3.05591842963 -21.407201634 11.6069652429
21.2716957323 -15.6246226457 7.19553958464
20.0323022323 -14.4367601799 9.65580105742
15.8881668412 -17.511346104 9.4693779257
14.8304853834 -15.9664347844 11.8134254825
9.93563113635 -18.8068985791 11.7044120404
9.08917969945 -17.0305672381 13.9689576752
3.55705606963 -19.4793510408 13.7772362774
2.93135029363 -17.5025165342 15.945327054
21.489274076 -12.8368720502 10.1536756241
19.4782095728 -11.8752967092 12.1614087805
16.1618354854 -14.3326940837 12.4439048346
14.2660854094 -12.9836704615 14.3376489874
10.2967981756 -15.5009033833 14.7097639978
8.57317508844 -13.8352272739 16.5138278968
3.9815154089 -16.1722090896 16.7171347796
2.46253822554 -14.186235049 18.3750296576
21.5103000769 -10.800994314 11.7213897377
19.2691513577 -9.901720442 13.5014343781
16.1933661252 -11.9558538717 13.9125178075
14.0407495722 -10.7828117585 15.6417413837
10.4003377422 -12.9952713062 16.1999997479
8.35961629732 -11.5226056236 17.8330067203
4.16105356577 -13.6547468624 18.2060615626
2.25015596479 -11.8310579162 19.6282531762
21.5648944257 -8.72864155758 13.1295404664
19.1592110999 -7.8979878004 14.7178420976
16.2278442371 -9.5769942046 15.1812878157
13.9008234551 -8.56837902788 16.7836828061
10.4792881198 -10.4517474937 17.4599971933
8.20953864989 -9.1703761277 18.9453674389
4.29986961515 -11.0650983297 19.4550986486
2.08700245679 -9.42482228154 20.6436748664
21.6853469335 -6.62111925631 14.4920207241
19.1612457105 -5.85198922783 15.9193791289
16.2928610181 -7.21344787606 16.3632632093
13.8436235643 -6.32595235214 17.8510762317
10.5509686088 -7.89311735308 18.5515468741
8.11219398687 -6.77000140862 19.8898252153
4.40735585443 -8.41866662873 20.4653270085
1.96272284289 -6.96591367385 21.4209829565
21.8099356958 -4.55550713829 15.8824803423
19.4709809314 -3.62384432555 17.5138279491
16.3334410179 -4.95264659426 17.5600180426
13.9913207539 -3.9209992121 19.125321958
10.5596951474 -5.43155266765 19.5251054114
8.14252002027 -4.20233772405 20.8081857002
4.41325430986 -5.83065252198 21.2020965021
1.95286703802 -4.38960484936 22.1347679757
22.052032888 -2.48904416917 17.999788433
20.3662376378 -0.982019815206 19.9713289402
16.4138658801 -2.76100037865 19.3047961696
14.4717615441 -1.19203879965 20.9681032104
10.514047186 -3.06491828161 20.6843803492
8.35966715946 -1.40829271381 21.9549071806
4.30287822232 -3.3528915242 22.0244681286
2.1046058481 -1.69979949198 23.2223351086
22.4598727363 0.123596134104 20.5390438608
21.5343498691 2.35901122114 22.3128326902
16.5416807426 -0.18761046275 21.3620653853
15.1682507128 2.02949272021 22.8446791009
10.4444547151 -0.499060222165 22.0153316421
8.72797645675 1.64872884506 23.2156251525
4.15934166011 -0.760730326224 23.0859455862
2.33252401805 1.1971798278 24.4384710504
22.8350666053 3.39172686138 22.6473590059
22.6253356411 6.28014409946 23.4303397091
16.6182054945 2.93737897609 23.1814627307
15.9757049203 5.72091619505 24.0974941509
10.3227384374 2.44224999684 23.3654358412
9.2598182679 5.0416337284 24.4206158872
4.00880021107 2.0782829229 24.2990867312
2.60275516101 4.41679883392 25.5458347614
21.6905280067 8.31516861439 23.5634059409
24.5145457995 7.53861906649 22.9138720267
15.2235057834 8.15964766182 24.4521913986
18.0611658036 7.26294768446 24.0732260172
8.64462635031 7.87539734963 25.0229091486
11.4059755953 6.76744622555 24.6389890346
2.05055477423 7.65171686506 25.90313343
4.69363252343 6.3167433471 25.4214844728
21.9588324647 10.9115790101 23.1495365346
24.6684017841 9.7255182169 22.6480448612
15.4598333678 11.2926626504 24.1468907477
18.2810738646 10.2855240928 23.9847982267
8.72934956526 11.375694633 24.54720212
11.6127737563 10.5500184812 24.6114191478
1.93826458797 11.3544860449 24.7645421439
4.85986045725 10.6901599151 24.9160293379
22.1630737907 13.3763272044 22.2487767742
24.7290803939 11.8419858464 22.0009730032
15.5804320515 14.1993218707 23.0075368096
18.3959463217 13.1754258561 23.1641137746
8.73668354639 14.484176628 22.8841992984
11.6651727842 13.9755163696 23.2906664254
1.88967603757 14.460157792 22.3461728863
4.86808779907 14.3808467224 22.6965628593
22.3297570856 15.6684645362 20.9707783911
24.7303458364 13.87137048 21.0581088161
15.598556291 16.700956608 21.1487928344
18.4063405304 15.804084651 21.7073341114
8.65406439208 16.8567820895 20.2057400531
11.5762732727 16.7108069201 20.8686024127
1.82537369651 16.5946941082 18.9727633538
4.80636266149 16.9028035144 19.1097793544
22.3946960101 17.6914948123 19.5344659701
24.8017068809 15.9185528291 19.7854149535
15.541473037 18.7138071133 18.8220406931
18.3400484708 18.1092910963 19.7178843883
8.52226603069 18.379822662 16.8552721669
11.3712345109 18.5818051468 17.7731946445
1.74693078172 17.6627102245 14.9070249109
4.70863321496 18.1116899657 15.0705360385
22.4208024046 19.5420828274 17.9853570756
24.93526392 17.930942628 18.2712076398
15.5154975662 20.5562451461 16.4558239437
18.3059453128 20.2200688243 17.5048172013
8.46585592435 19.7573175989 13.7143419654
11.2168668188 20.2125764545 14.8209938676
1.73558919836 18.5265625651 11.1320517919
4.61148270306 19.1363463801 11.7298814069
22.496541448 21.3257190169 16.2598811101
25.0746954838 19.8397690481 16.6407675211
15.5542647589 22.3701170171 14.0724316176
18.3349154235 22.2201019425 15.188441187
8.48309362823 21.2788033688 10.8494553308
11.1676208113 21.9089445596 12.0310795872
1.77422463269 19.6210266211 7.87704622767
4.54312263021 20.3879180575 8.74022720761
22.6207668814 23.0461465521 14.398978977
25.252921049 21.6930304285 14.8897347148
15.6715932737 24.245595212 11.647616477
18.4507757313 24.1936088292 12.7760854766
8.58225441871 23.1307531499 8.08654487664
11.2338786484 23.8445549367 9.29459121418
1.84939737748 21.1782731725 4.81042126537
4.517421943 22.0691103051 5.85351959285
47.1277925561 1.89693044704 1.27689008772
46.5422320107 4.4982796833 2.65169952852
44.5303733995 7.92892481677 5.65870885493
43.3177261529 10.6707739147 5.76710710007
37.7453406039 14.5370264971 10.299474689
39.3970674883 14.9840603391 7.83534014656
30.0799798905 19.9305588459 12.8671960811
32.4847111249 19.2561033527 11.2051559255
47.137714394 1.99981543654 1.11282904994
46.5491100962 4.70884474032 2.2594350031
44.6805436813 8.46119703295 5.04697966015
43.2468413699 11.0825843682 4.77711650831
37.9286592443 15.7023650469 9.11956861251
39.2563817885 15.2927812323 6.46073542019
30.0556059127 20.9462709098 11.078717285
32.3390390525 19.8867857768 9.44671717803
47.1377897705 2.08696870862 0.939889606326
46.5367084939 4.88193064904 1.84922400599
44.6448169217 8.8526342828 4.34985771719
43.1656182835 11.393454144 3.75302790743
37.7122007716 16.3497897006 7.63615702963
39.157526278 15.5516918436 5.13134685895
29.7395789131 21.3545872238 9.0367240598
32.1069491045 20.2055003928 7.59618324764
47.1329384167 2.15809968659 0.759879963884
46.5424676491 5.02277316537 1.42695577112
44.5251456225 9.13712328748 3.61512852688
43.2656683851 11.7136275335 2.73459291784
37.4365443993 16.7708070239 6.08753012969
39.3205398981 15.9873898019 3.88825333563
29.5005185874 21.6810992409 7.04483820175
32.0681384326 20.6837834991 5.85627198919
47.1370424492 2.21537827986 0.573858347303
46.5772264932 5.1322524445 0.996293197999
44.6070422449 9.45807546893 2.83581194184
43.4346083807 11.9965617117 1.74884992336
37.6242138393 17.4128375098 4.67868524611
39.5553916871 16.5064383228 2.56942171727
29.6651217502 22.4699815936 5.23539674895
32.2782461104 21.469257401 4.15367027339
47.1439040595 2.25747492483 0.382626303832
46.5751975147 5.19787925777 0.557541210786
44.7453723921 9.71894313894 1.98266580942
43.3272150779 12.0651359393 0.764384570895
37.8442197007 17.8863172266 3.28123323816
39.3865704613 16.579058258 1.06487854626
29.7395210826 22.9485878268 3.3540111204
32.2468093152 21.7026690602 2.27642486138
47.1437517391 2.2819845046 0.188357089563
46.5493776313 5.22159108672 0.114651170839
44.7340702873 9.82685403464 1.10439797591
43.1690490325 12.0155343726 -0.222397731872
37.8378219857 17.9722339 1.81687517614
39.1021130061 16.4346959712 -0.427572491596
29.6394529207 22.9576640054 1.41533130241
32.0779603907 21.5486633438 0.381697685218
47.1391375544 2.28914413503 -0.00726618955641
46.5172128304 5.20637190841 -0.328189476094
44.6429380922 9.81104557621 0.229786552855
43.02597961 11.8937793334 -1.20118003083
37.7096484424 17.7939757271 0.37709085225
38.8448880186 16.2026305835 -1.89861821051
29.4864751171 22.7079071989 -0.494057037629
31.9068151087 21.2298080365 -1.4724113656
47.1341714427 2.28881110355 -0.21288824524
46.4880291715 5.10720971151 -1.01234396757
44.4799497014 9.84267561971 -0.754640270495
42.9783433156 11.4727859641 -2.77650043563
38.1144395375 17.089063341 -1.32911340711
38.1133359225 16.143651019 -4.17625132499
29.6891616949 22.2644512014 -2.63140330305
31.4702587771 20.7240302318 -4.49011156945
47.1292150392 2.22446859772 -0.571568505058
46.4421347712 4.88776277916 -1.76939353756
44.4127114163 9.39623449667 -2.3833346117
42.7201389087 10.9489252895 -4.31319201782
38.4963153534 15.9343063313 -3.84241610109
37.1859635382 15.5111822377 -6.50773861845
30.0675305833 21.1325968373 -5.46895834382
30.5967771459 19.4310883059 -7.88241370772
47.1211792891 2.10467412034 -0.914363474818
46.3956541487 4.55613315146 -2.48406468506
44.2854356887 8.73313163007 -3.85302166204
42.4967242903 10.1654299863 -5.78926362824
38.5277264159 14.4399118465 -6.24553444613
36.5585164315 14.4774197349 -8.50845406371
30.6215966151 19.1536285621 -8.21762022927
29.4736724261 17.9832680379 -10.7300943684
47.1130419449 1.9328372865 -1.23288145545
46.3650621931 4.12298576964 -3.14174915977
44.1777080827 7.89618719585 -5.16669825936
42.3593844973 9.18673373803 -7.1737331274
38.4371871538 12.8234740362 -8.36473987189
36.2430158378 13.134439893 -10.3868458216
30.8799497863 16.8198687063 -10.9261731104
28.8438260913 16.4329895505 -13.0951647696
47.1116343069 1.7168547571 -1.51847434411
46.3492890323 3.59505619464 -3.73007761827
44.1487386468 6.95066436486 -6.3317549635
42.2888681528 7.99882254244 -8.43941864172
38.4261790072 11.2168133375 -10.2509147446
36.11620908 11.4547576277 -12.1502360578
30.9834176787 14.6683896373 -13.4242063721
28.6712915271 14.4227251731 -15.3199177505
47.1077074254 1.46225505875 -1.76596630754
46.3036096438 2.97748863449 -4.22716397706
44.0429109196 5.84418995492 -7.29073996958
42.0921749194 6.56067599668 -9.4543658175
38.245439754 9.3366029038 -11.7100016151
35.8260316214 9.32710592088 -13.4838037729
30.858827667 12.1656459673 -15.3043513163
28.4205359564 11.7707277223 -17.0069296887
47.0986380931 1.17204048439 -1.97042801186
46.2578500099 2.29249086577 -4.62328804246
43.8974855081 4.5988331601 -8.03527756298
41.9004167177 5.00213314896 -10.2373369094
37.9948849288 7.24555163355 -12.7565054864
35.5399797206 7.06053309135 -14.4709175014
30.6441137028 9.37917988252 -16.600726187
28.1708587812 8.92555564046 -18.23695207
47.0904124608 0.853426155527 -2.12603128708
46.247618806 1.55894981295 -4.91743509594
43.8224167828 3.27806031902 -8.59874471773
41.8581694136 3.38777116584 -10.8636278941
37.8732890026 5.11003074658 -13.565460539
35.4629745652 4.78373020466 -15.321567674
30.5297858536 6.56777435186 -17.6068533386
28.0846248424 6.06246794288 -19.269938743
47.0901143783 0.460752216762 -2.26534715072
46.2886901947 0.277816296482 -5.15052543414
43.8548076312 1.50725101303 -9.20181463416
42.0663434388 0.545550119746 -11.4101006718
37.9036426657 2.23031317476 -14.5874936041
35.7860802429 0.834933122535 -16.1902549385
30.4945644032 2.74984515617 -18.9262257578
28.3645404726 1.15835627607 -20.3155281726
47.0964541683 -0.244542957215 -2.30055307516
46.2962629089 -1.2975027507 -4.99331552694
43.9026670346 -1.34273149956 -9.26929712316
42.0883545866 -2.9503104178 -11.0367699978
37.9528801401 -2.28253944001 -14.6764799472
35.8011218239 -4.12997802759 -15.6546960856
30.4837804499 -3.07628462318 -18.9294740526
28.3280481881 -5.0626406867 -19.5676025698
47.0968654623 -0.928572130883 -2.12148657897
46.2663126435 -2.74691286606 -4.35840834473
43.8392390434 -4.06638402012 -8.4185819489
41.9527933204 -6.11580869018 -9.53266500506
37.7984362254 -6.5375923693 -13.1986011231
35.5883764816 -8.5552383861 -13.4101205769
30.2772155015 -8.47778036673 -16.8574878704
28.1061828013 -10.539730361 -16.6704605034
47.0911336954 -1.52813903012 -1.74431954096
46.1995869906 -3.92714495888 -3.30953998132
43.6663343929 -6.36462615007 -6.74888285678
41.6702151049 -8.57745552435 -7.0936928744
37.456637258 -9.97448866944 -10.3867120368
35.1758303748 -11.8398245474 -9.82240536101
29.9121101141 -12.7087913009 -13.1016303517
27.7404420345 -14.5451631389 -12.1468548679
47.0779848568 -1.98777308227 -1.20295361746
46.1010291158 -4.72322002641 -1.95321190364
43.3887363586 -7.99225324507 -4.45414278484
41.265685926 -10.0711999959 -4.0410601438
36.9534666884 -12.1814818034 -6.66475343715
34.5985138404 -13.5947611906 -5.45775780427
29.4275553118 -15.2791903839 -8.28605444242
27.2447449128 -16.5967999367 -6.70515475292
47.0594300479 -2.26312918276 -0.546410550094
45.9976179177 -5.06638048238 -0.426672706454
43.0633537846 -8.80876419149 -1.80672162808
40.838229072 -10.5274978392 -0.760406827425
36.3672739055 -12.9972661752 -2.58264284363
33.9626249819 -13.7904622274 -0.973760132888
28.8281986119 -15.9244790121 -3.12926892144
26.6286090357 -16.5203680867 -1.1781866814
47.04054671 -2.32625159753 0.163818343602
45.9139748272 -4.93535342681 1.1247675813
42.7716418038 -8.79658580798 0.912777248821
40.4907544136 -10.0234051753 2.42686672886
35.8422892442 -12.5787609971 1.3566578711
33.432846212 -12.7418792971 3.1365389612
28.2609430206 -14.9766213778 1.61884195618
26.0815732462 -14.8717534554 3.67781016998
47.0259707829 -2.16904970442 0.859094594355
45.8730371399 -4.3525098481 2.56298596879
42.5869408514 -8.02185202939 3.47050374429
40.3159123218 -8.70632295061 5.30732953237
35.5016092011 -11.2229925416 4.87805223367
33.1496059443 -10.8443820056 6.70143775017
27.8575084248 -13.0268272367 5.63989339487
25.762967177 -12.3604806759 7.68167673853
47.0290788018 -1.82200750092 1.41477961121
45.8785194792 -3.7454227422 3.40894285799
42.6706892145 -6.75350499526 5.3917953164
40.2528597553 -7.53394134052 6.9871071409
35.6660706708 -9.45327622653 7.51641970258
32.9405493016 -9.33804366917 8.76472043724
28.0409607684 -10.8427932268 8.55790445655
25.3996935708 -10.5075330034 9.94040515211
47.0327848391 -1.57989583815 1.67778244745
45.9035746157 -3.18621831315 3.94595624543
42.7343181224 -5.84270420561 6.39677411272
40.3317923256 -6.43680213605 8.09233226424
35.7532246843 -8.18794501535 8.96827166449
32.9981272431 -8.00775373725 10.1417149707
28.0863528134 -9.31717333691 10.1823701142
25.3577027046 -8.95232020775 11.3745742822
47.0382585501 -1.30007911858 1.89927430332
45.9414095019 -2.55234843472 4.39501942762
42.8345774745 -4.79559947514 7.26286586583
40.4657610089 -5.19476938938 9.05991119971
35.904697023 -6.75171616849 10.2708001894
33.141431578 -6.52170049715 11.415988764
28.190068138 -7.66144499397 11.6755421222
25.4106638198 -7.28135047527 12.7387635444
47.0459325392 -0.989675426114 2.07392639849
45.995442945 -1.85733117439 4.74668622965
42.9822719262 -3.63255840842 7.97872458276
40.6712794602 -3.82279805066 9.88217479244
36.1453275661 -5.15692675074 11.4355323384
33.3970543039 -4.8781757212 12.605699822
28.3855707021 -5.87081827171 13.1006098527
25.5821751089 -5.48100287935 14.0951032453
47.053559344 -0.661067915848 2.19539177442
46.0810872804 -1.1114855674 4.99743067932
43.1858316342 -2.40660962025 8.52075450448
41.0285246952 -2.30614918163 10.6030451834
36.4978734719 -3.47368254034 12.4446505446
33.9017051373 -3.01251001678 13.8754649566
28.6895935433 -4.00689049826 14.4865767238
26.0287448921 -3.44527379588 15.7532539264
47.0691997545 -0.323942053134 2.26479727573
46.2260917769 -0.32831175621 5.14388564597
43.5418270709 -1.15236896309 8.96393432821
41.6854430005 -0.628300845671 11.2615832986
37.1198834661 -1.73437295993 13.5598540598
34.9498230977 -0.816817431313 15.4169835248
29.2456663699 -2.0687669138 16.3302547776
27.1112577873 -0.964929331916 18.1263178598
47.0921462492 0.0190363865788 2.28724511587
46.3833754102 0.473591172643 5.16665891805
43.9787396652 0.180306213245 9.29864256273
42.4276986234 1.20436394872 11.6535475377
37.8988257533 0.261457636458 14.6972486131
36.2275313583 1.81002947044 16.6488377913
29.9578083249 0.330591104078 18.4204802611
28.5465493925 2.2260481222 20.2686119983
47.1166523595 0.362118586395 2.2621080376
46.4980979773 1.27215516288 5.0530261492
44.3767453117 1.57872676394 9.4334867134
42.9704317677 3.11814473918 11.5904462664
38.6192185213 2.51122265266 15.5200993085
37.2280653839 4.74501465282 16.9605389109
30.5553528137 3.22689517644 20.1267070095
29.8380838581 5.97894585144 21.0815590021
47.1328077594 0.683605074655 2.18178414835
46.5319098962 1.8137292402 4.89503701683
44.616445373 2.87415617391 9.19933419381
43.0815400274 4.36138128873 11.3046196942
39.123880011 4.56100340058 15.4771133037
37.4025753176 6.7535118197 16.5861746115
30.6088178293 5.76511822124 20.6823977528
30.5898915359 8.75776409124 20.4733224264
47.1371176146 0.864090261877 2.11802692336
46.5311990206 2.2258861186 4.72155812194
44.6648668731 3.61697339356 8.98442803302
43.0788280813 5.34564105016 10.8542379388
39.1044462575 5.74727479102 15.4516686543
37.5688481637 8.3147919187 15.6748150045
30.0911015418 7.9689034731 20.8727213242
31.3928425068 10.203318543 19.3519124094
47.137084614 1.03835177141 2.03902185589
46.506464207 2.61950114503 4.50930211541
44.6356309006 4.31693071829 8.68588595779
42.9708320312 6.26097529071 10.2508573392
38.7454137134 6.98220601359 15.390383979
37.7657778328 9.59110587451 14.279548682
29.7695505517 10.2117237675 20.2681293604
31.7216094611 11.3193827519 18.2775119716
47.1335351906 1.20521752083 1.94561617664
46.4647490564 2.99129451707 4.26135667812
44.544786305 4.96766557076 8.3275197334
42.7955012346 7.09582269446 9.51535347564
38.0430289998 8.46947616866 15.084383176
38.095287191 10.3446057633 12.7431958524
29.5642907611 12.1242530219 19.1772875388
31.7549322949 12.4375723133 17.1517207804
47.1245837566 1.36432989966 1.83690803705
46.421726046 3.33855070046 3.98363654071
44.3849062654 5.57330830973 7.86210645805
42.649973578 7.85236397089 8.75424650525
37.4519304821 9.76163687046 14.1764434566
38.2548761923 11.0604578297 11.594130094
29.4135662592 13.6917887618 17.8853147761
31.6899961986 13.6321414182 15.9322891937
47.1164014266 1.51429666241 1.71355626187
46.4108022182 3.66380956467 3.68376539797
44.2657845648 6.15991522431 7.31735496895
42.664863658 8.58760316589 8.05450048275
37.1819239151 10.8048753297 13.1294837905
38.4031385547 12.0417042879 10.6843071237
29.3823426728 15.1477135597 16.6211875464
31.7266457694 14.9578340255 14.7588801728
47.1133534553 1.65327617977 1.57816379901
46.4318564499 3.96723248705 3.36174672103
44.2368013215 6.73740133208 6.76678813078
42.8163108023 9.31622506278 7.34287393258
37.1272773457 11.9085144071 12.1177190719
38.6875859673 13.0637606301 9.83061540789
29.4779256579 16.6480264536 15.3827061363
31.8992605595 16.3664985006 13.6340268329
47.1150779186 1.78057551857 1.43185642081
46.4832651092 4.24717076175 3.01827391953
44.2932167823 7.31466260807 6.20361949447
43.1003678973 10.037586506 6.60710057645
37.2874869464 13.09138865 11.125402751
39.1045699006 14.1486314772 8.98520482983
29.7092945659 18.2255906256 14.1422715193
32.2109036883 17.8897974056 12.5207923451
